cnt,pos,speed,Dir,Force,
2,3.12729,1.003,-1,4
3,3.12729,1.007,-1,4
4,3.12729,1.009,-1,4
5,3.13700,1.021,-1,4
6,3.13700,1.039,-1,4
7,3.13700,1.055,-1,4
8,3.13700,1.058,-1,4
9,3.13700,1.060,-1,4
10,3.13700,1.077,-1,4
11,3.13700,1.093,-1,4
12,3.13700,1.099,-1,4
13,3.13700,1.097,-1,4
14,3.14771,1.105,-1,4
15,3.14771,1.126,-1,4
16,3.14771,1.143,-1,4
17,3.14771,1.148,-1,4
18,3.14771,1.151,-1,4
19,3.14771,1.165,-1,4
20,3.14771,1.182,-1,4
21,3.14771,1.190,-1,4
22,3.14771,1.195,-1,4
23,3.15701,1.213,-1,4
24,3.15701,1.227,-1,4
25,3.15701,1.236,-1,4
26,3.15701,1.244,-1,4
27,3.15701,1.255,-1,4
28,3.15701,1.266,-1,4
29,3.15701,1.275,-1,4
30,3.15701,1.290,-1,4
31,3.15701,1.303,-1,4
32,3.16963,1.311,-1,4
33,3.16963,1.317,-1,4
34,3.16963,1.334,-1,4
35,3.16963,1.352,-1,4
36,3.16963,1.361,-1,4
37,3.16963,1.367,-1,4
38,3.16963,1.377,-1,4
39,3.16963,1.390,-1,4
40,3.16963,1.404,-1,4
41,3.18195,1.420,-1,4
42,3.18195,1.431,-1,4
43,3.18195,1.437,-1,4
44,3.18195,1.445,-1,4
45,3.18195,1.461,-1,4
46,3.18195,1.473,-1,4
47,3.18195,1.485,-1,4
48,3.18195,1.499,-1,4
49,3.18195,1.506,-1,4
50,3.18195,1.514,-1,4
51,3.19520,1.529,-1,4
52,3.19520,1.544,-1,4
53,3.19520,1.555,-1,4
54,3.19520,1.569,-1,4
55,3.19520,1.573,-1,4
56,3.19520,1.582,-1,4
57,3.19520,1.599,-1,4
58,3.19520,1.617,-1,4
59,3.19520,1.626,-1,4
60,3.19520,1.639,-1,4
61,3.21103,1.646,-1,4
62,3.21103,1.656,-1,4
63,3.21103,1.669,-1,4
64,3.21103,1.679,-1,4
65,3.21103,1.694,-1,4
66,3.21103,1.707,-1,4
67,3.21103,1.720,-1,4
68,3.21103,1.732,-1,4
69,3.21103,1.737,-1,4
70,3.22627,1.744,-1,4
71,3.22627,1.761,-1,4
72,3.22627,1.770,-1,4
73,3.22627,1.782,-1,4
74,3.22627,1.792,-1,4
75,3.22627,1.800,-1,4
76,3.22627,1.811,-1,4
77,3.22627,1.823,-1,4
78,3.22627,1.828,-1,4
79,3.24238,1.839,-1,4
80,3.24238,1.849,-1,4
81,3.24238,1.860,-1,4
82,3.24238,1.872,-1,4
83,3.24238,1.878,-1,4
84,3.24238,1.886,-1,4
85,3.24238,1.892,-1,4
86,3.24238,1.900,-1,4
87,3.24238,1.912,-1,4
88,3.25927,1.924,-1,4
89,3.25927,1.935,-1,4
90,3.25927,1.939,-1,4
91,3.25927,1.946,-1,4
92,3.25927,1.958,-1,4
93,3.25927,1.969,-1,4
94,3.25927,1.978,-1,4
95,3.25927,1.985,-1,4
96,3.25927,1.998,-1,4
97,3.27690,2.008,-1,4
98,3.27690,2.014,-1,4
99,3.27690,2.017,-1,4
100,3.27690,2.027,-1,4
101,3.27690,2.039,-1,4
102,3.27690,2.045,-1,4
103,3.27690,2.048,-1,4
104,3.27690,2.048,-1,4
105,3.27690,2.061,-1,4
106,3.29521,2.070,-1,4
107,3.29521,2.077,-1,4
108,3.29521,2.081,-1,4
109,3.29521,2.089,-1,4
110,3.29521,2.095,-1,4
111,3.29521,2.101,-1,4
112,3.29521,2.107,-1,4
113,3.29521,2.114,-1,4
114,3.29521,2.119,-1,4
115,3.31406,2.125,-1,4
116,3.31406,2.130,-1,4
117,3.31406,2.137,-1,4
118,3.31406,2.138,-1,4
119,3.31406,2.146,-1,4
120,3.31406,2.151,-1,4
121,3.31406,2.151,-1,4
122,3.31406,2.153,-1,4
123,3.31406,2.161,-1,4
124,3.33336,2.169,-1,4
125,3.33336,2.167,-1,4
126,3.33336,2.167,-1,4
127,3.33336,2.174,-1,4
128,3.33336,2.183,-1,4
129,3.33336,2.183,-1,4
130,3.33336,2.185,-1,4
131,3.33336,2.188,-1,4
132,3.33336,2.194,-1,4
133,3.35516,2.195,-1,4
134,3.35516,2.200,-1,4
135,3.35516,2.200,-1,4
136,3.35516,2.201,-1,4
137,3.35516,2.207,-1,4
138,3.35516,2.210,-1,4
139,3.35516,2.207,-1,4
140,3.35516,2.204,-1,4
141,3.35516,2.211,-1,4
142,3.37280,2.212,-1,4
143,3.37280,2.211,-1,4
144,3.37280,2.210,-1,4
145,3.37280,2.220,-1,4
146,3.37280,2.220,-1,4
147,3.37280,2.219,-1,4
148,3.37280,2.218,-1,4
149,3.37280,2.226,-1,4
150,3.37280,2.228,-1,4
151,3.37280,2.229,-1,4
152,3.39499,2.229,-1,4
153,3.39499,2.239,-1,4
154,3.39499,2.241,-1,4
155,3.39499,2.245,-1,4
156,3.39499,2.250,-1,4
157,3.39499,2.251,-1,4
158,3.39499,2.259,-1,4
159,3.39499,2.262,-1,4
160,3.41524,2.266,-1,4
161,3.41524,2.264,-1,4
162,3.41524,2.274,-1,4
163,3.41524,2.277,-1,4
164,3.41524,2.277,-1,4
165,3.41524,2.280,-1,4
166,3.41524,2.290,-1,4
167,3.41524,2.291,-1,4
168,3.41524,2.295,-1,4
169,3.41524,2.295,-1,4
170,3.43578,2.302,-1,4
171,3.43578,2.306,-1,4
172,3.43578,2.307,-1,4
173,3.43578,2.308,-1,4
174,3.43578,2.319,-1,4
175,3.43578,2.319,-1,4
176,3.43578,2.322,-1,4
177,3.43578,2.324,-1,4
178,3.43578,2.327,-1,4
179,3.43578,2.336,-1,4
180,3.45895,2.335,-1,4
181,3.45895,2.338,-1,4
182,3.45895,2.343,-1,4
183,3.45895,2.351,-1,4
184,3.45895,2.348,-1,4
185,3.45895,2.348,-1,4
186,3.45895,2.356,-1,4
187,3.45895,2.362,-1,4
188,3.48009,2.358,-1,4
189,3.48009,2.361,-1,4
190,3.48009,2.367,-1,4
191,3.48009,2.368,-1,4
192,3.48009,2.372,-1,4
193,3.48009,2.373,-1,4
194,3.48009,2.378,-1,4
195,3.48009,2.374,-1,4
196,3.48009,2.381,-1,4
197,3.48009,2.383,-1,4
198,3.50145,2.383,-1,4
199,3.50145,2.391,-1,4
200,3.50145,2.390,-1,4
201,3.50145,2.385,-1,4
202,3.50145,2.395,-1,4
203,3.50145,2.398,-1,4
204,3.50145,2.396,-1,4
205,3.50145,2.398,-1,4
206,3.50145,2.401,-1,4
207,3.50145,2.401,-1,4
208,3.52539,2.404,-1,4
209,3.52539,2.405,-1,4
210,3.52539,2.408,-1,4
211,3.52539,2.406,-1,4
212,3.52539,2.409,-1,4
213,3.52539,2.411,-1,4
214,3.52539,2.411,-1,4
215,3.52539,2.412,-1,4
216,3.52539,2.415,-1,4
217,3.54948,2.411,-1,4
218,3.54948,2.412,-1,4
219,3.54948,2.415,-1,4
220,3.54948,2.413,-1,4
221,3.54948,2.407,-1,4
222,3.54948,2.415,-1,4
223,3.54948,2.417,-1,4
224,3.54948,2.414,-1,4
225,3.54948,2.414,-1,4
226,3.54948,2.418,-1,4
227,3.57120,2.418,-1,4
228,3.57120,2.418,-1,4
229,3.57120,2.422,-1,4
230,3.57120,2.425,-1,4
231,3.57120,2.425,-1,4
232,3.57120,2.426,-1,4
233,3.57120,2.429,-1,4
234,3.57120,2.431,-1,4
235,3.57120,2.434,-1,4
236,3.57120,2.433,-1,4
237,3.59547,2.438,-1,4
238,3.59547,2.440,-1,4
239,3.59547,2.441,-1,4
240,3.59547,2.439,-1,4
241,3.59547,2.445,-1,4
242,3.59547,2.447,-1,4
243,3.59547,2.448,-1,4
244,3.59547,2.448,-1,4
245,3.59547,2.456,-1,4
246,3.61992,2.452,-1,4
247,3.61992,2.450,-1,4
248,3.61992,2.455,-1,4
249,3.61992,2.459,-1,4
250,3.61992,2.456,-1,4
251,3.61992,2.459,-1,4
252,3.61992,2.461,-1,4
253,3.61992,2.461,-1,4
254,3.61992,2.464,-1,4
255,3.63958,2.466,-1,4
256,3.63958,2.463,-1,4
257,3.63958,2.465,-1,4
258,3.63958,2.469,-1,4
259,3.63958,2.466,-1,4
260,3.63958,2.468,-1,4
261,3.63958,2.469,-1,4
262,3.63958,2.469,-1,4
263,3.63958,2.467,-1,4
264,3.66179,2.471,-1,4
265,3.66179,2.470,-1,4
266,3.66179,2.468,-1,4
267,3.66179,2.467,-1,4
268,3.66179,2.472,-1,4
269,3.66179,2.469,-1,4
270,3.66179,2.469,-1,4
271,3.66179,2.470,-1,4
272,3.66179,2.471,-1,4
273,3.68401,2.471,-1,4
274,3.68401,2.474,-1,4
275,3.68401,2.472,-1,4
276,3.68401,2.472,-1,4
277,3.68401,2.478,-1,4
278,3.68401,2.477,-1,4
279,3.68401,2.476,-1,4
280,3.68401,2.482,-1,4
281,3.68401,2.483,-1,4
282,3.70630,2.479,-1,4
283,3.70630,2.486,-1,4
284,3.70630,2.491,-1,4
285,3.70630,2.487,-1,4
286,3.70630,2.488,-1,4
287,3.70630,2.494,-1,4
288,3.70630,2.494,-1,4
289,3.70630,2.494,-1,4
290,3.70630,2.497,-1,4
291,3.72871,2.500,-1,4
292,3.72871,2.501,-1,4
293,3.72871,2.502,-1,4
294,3.72871,2.504,-1,4
295,3.72871,2.507,-1,4
296,3.72871,2.511,-1,4
297,3.72871,2.508,-1,4
298,3.72871,2.514,-1,4
299,3.72871,2.518,-1,4
300,3.72871,2.520,-1,4
301,3.75379,2.520,-1,4
302,3.75379,2.528,-1,4
303,3.75379,2.528,-1,4
304,3.75379,2.528,-1,4
305,3.75379,2.535,-1,4
306,3.75379,2.539,-1,4
307,3.75379,2.542,-1,4
308,3.75379,2.543,-1,4
309,3.75379,2.547,-1,4
310,3.77660,2.550,-1,4
311,3.77660,2.554,-1,4
312,3.77660,2.554,-1,4
313,3.77660,2.557,-1,4
314,3.77660,2.563,-1,4
315,3.77660,2.568,-1,4
316,3.77660,2.565,-1,4
317,3.77660,2.570,-1,4
318,3.77660,2.575,-1,4
319,3.79966,2.575,-1,4
320,3.79966,2.581,-1,4
321,3.79966,2.586,-1,4
322,3.79966,2.588,-1,4
323,3.79966,2.588,-1,4
324,3.79966,2.597,-1,4
325,3.79966,2.598,-1,4
326,3.79966,2.605,-1,4
327,3.79966,2.604,-1,4
328,3.82298,2.611,-1,4
329,3.82298,2.616,-1,4
330,3.82298,2.619,-1,4
331,3.82298,2.626,-1,4
332,3.82298,2.630,-1,4
333,3.82298,2.632,-1,4
334,3.82298,2.634,-1,4
335,3.82298,2.643,-1,4
336,3.82298,2.649,-1,4
337,3.84929,2.648,-1,4
338,3.84929,2.653,-1,4
339,3.84929,2.662,-1,4
340,3.84929,2.662,-1,4
341,3.84929,2.668,-1,4
342,3.84929,2.675,-1,4
343,3.84929,2.677,-1,4
344,3.84929,2.681,-1,4
345,3.84929,2.689,-1,4
346,3.87066,2.692,-1,4
347,3.87066,2.696,-1,4
348,3.87066,2.701,-1,4
349,3.87066,2.706,-1,4
350,3.87066,2.713,-1,4
351,3.87066,2.715,-1,4
352,3.87066,2.720,-1,4
353,3.87066,2.727,-1,4
354,3.87066,2.733,-1,4
355,3.89506,2.734,-1,4
356,3.89506,2.744,-1,4
357,3.89506,2.747,-1,4
358,3.89506,2.750,-1,4
359,3.89506,2.757,-1,4
360,3.89506,2.761,-1,4
361,3.89506,2.766,-1,4
362,3.89506,2.771,-1,4
363,3.89506,2.775,-1,4
364,3.91987,2.778,-1,4
365,3.91987,2.785,-1,4
366,3.91987,2.793,-1,4
367,3.91987,2.798,-1,4
368,3.91987,2.800,-1,4
369,3.91987,2.804,-1,4
370,3.91987,2.813,-1,4
371,3.91987,2.819,-1,4
372,3.91987,2.818,-1,4
373,3.94507,2.830,-1,4
374,3.94507,2.833,-1,4
375,3.94507,2.836,-1,4
376,3.94507,2.843,-1,4
377,3.94507,2.848,-1,4
378,3.94507,2.852,-1,4
379,3.94507,2.858,-1,4
380,3.94507,2.865,-1,4
381,3.94507,2.870,-1,4
382,3.97071,2.872,-1,4
383,3.97071,2.877,-1,4
384,3.97071,2.886,-1,4
385,3.97071,2.888,-1,4
386,3.97071,2.893,-1,4
387,3.97071,2.900,-1,4
388,3.97071,2.901,-1,4
389,3.97071,2.910,-1,4
390,3.97071,2.914,-1,4
391,3.99967,2.915,-1,4
392,3.99967,2.923,-1,4
393,3.99967,2.927,-1,4
394,3.99967,2.934,-1,4
395,3.99967,2.936,-1,4
396,3.99967,2.940,-1,4
397,3.99967,2.946,-1,4
398,3.99967,2.951,-1,4
399,3.99967,2.955,-1,4
400,3.99967,2.960,-1,4
401,4.02910,2.963,-1,4
402,4.02910,2.968,-1,4
403,4.02910,2.976,-1,4
404,4.02910,2.978,-1,4
405,4.02910,2.984,-1,4
406,4.02910,2.990,-1,4
407,4.02910,2.994,-1,4
408,4.02910,2.998,-1,4
409,4.02910,3.006,-1,4
410,4.05299,3.011,-1,4
411,4.05299,3.014,-1,4
412,4.05299,3.021,-1,4
413,4.05299,3.028,-1,4
414,4.05299,3.029,-1,4
415,4.05299,3.037,-1,4
416,4.05299,3.046,-1,4
417,4.05299,3.048,-1,4
418,4.05299,3.054,-1,4
419,4.08334,3.059,-1,4
420,4.08334,3.062,-1,4
421,4.08334,3.071,-1,4
422,4.08334,3.079,-1,4
423,4.08334,3.079,-1,4
424,4.08334,3.091,-1,4
425,4.08334,3.100,-1,4
426,4.08334,3.104,-1,4
427,4.08334,3.108,-1,4
428,4.11112,3.111,-1,4
429,4.11112,3.114,-1,4
430,4.11112,3.130,-1,4
431,4.11112,3.131,-1,4
432,4.11112,3.132,-1,4
433,4.11112,3.140,-1,4
434,4.11112,3.150,-1,4
435,4.11112,3.157,-1,4
436,4.14248,3.154,-1,4
437,4.14248,3.164,-1,4
438,4.14248,3.163,-1,4
439,4.14248,3.171,-1,4
440,4.14248,3.176,-1,4
441,4.14248,3.179,-1,4
442,4.14248,3.178,-1,4
443,4.14248,3.181,-1,4
444,4.14248,3.185,-1,4
445,4.14248,3.192,-1,4
446,4.17426,3.195,-1,4
447,4.17426,3.196,-1,4
448,4.17426,3.203,-1,4
449,4.17426,3.204,-1,4
450,4.17426,3.203,-1,4
451,4.17426,3.209,-1,4
452,4.17426,3.208,-1,4
453,4.17426,3.212,-1,4
454,4.17426,3.214,-1,4
455,4.20953,3.213,-1,4
456,4.20953,3.215,-1,4
457,4.20953,3.216,-1,4
458,4.20953,3.216,-1,4
459,4.20953,3.218,-1,4
460,4.20953,3.215,-1,4
461,4.20953,3.215,-1,4
462,4.20953,3.218,-1,4
463,4.20953,3.214,-1,4
464,4.20953,3.215,-1,4
465,4.24169,3.213,-1,4
466,4.24169,3.216,-1,4
467,4.24169,3.210,-1,4
468,4.24169,3.210,-1,4
469,4.24169,3.206,-1,4
470,4.24169,3.206,-1,4
471,4.24169,3.206,-1,4
472,4.24169,3.201,-1,4
473,4.24169,3.200,-1,4
474,4.24169,3.195,-1,4
475,4.27375,3.198,-1,4
476,4.27375,3.187,-1,4
477,4.27375,3.187,-1,4
478,4.27375,3.183,-1,4
479,4.27375,3.182,-1,4
480,4.27375,3.180,-1,4
481,4.27375,3.174,-1,4
482,4.27375,3.170,-1,4
483,4.27375,3.168,-1,4
484,4.30874,3.166,-1,4
485,4.30874,3.160,-1,4
486,4.30874,3.155,-1,4
487,4.30874,3.149,-1,4
488,4.30874,3.146,-1,4
489,4.30874,3.142,-1,4
490,4.30874,3.136,-1,4
491,4.30874,3.138,-1,4
492,4.30874,3.128,-1,4
493,4.34017,3.123,-1,4
494,4.34017,3.125,-1,4
495,4.34017,3.115,-1,4
496,4.34017,3.104,-1,4
497,4.34017,3.106,-1,4
498,4.34017,3.097,-1,4
499,4.34017,3.091,-1,4
500,4.34017,3.085,-1,4
501,4.34017,3.077,-1,4
502,4.34017,3.078,-1,4
503,4.37116,3.073,-1,4
504,4.37116,3.062,-1,4
505,4.37116,3.056,-1,4
506,4.37116,3.051,-1,4
507,4.37116,3.050,-1,4
508,4.37116,3.043,-1,4
509,4.37116,3.030,-1,4
510,4.37116,3.021,-1,4
511,4.37116,3.020,-1,4
512,4.40160,3.015,-1,4
513,4.40160,3.006,-1,4
514,4.40160,3.001,-1,4
515,4.40160,2.996,-1,4
516,4.40160,2.991,-1,4
517,4.40160,2.988,-1,4
518,4.40160,2.977,-1,4
519,4.40160,2.968,-1,4
520,4.40160,2.964,-1,4
521,4.43147,2.954,-1,4
522,4.43147,2.946,-1,4
523,4.43147,2.943,-1,4
524,4.43147,2.935,-1,4
525,4.43147,2.931,-1,4
526,4.43147,2.925,-1,4
527,4.43147,2.916,-1,4
528,4.43147,2.909,-1,4
529,4.43147,2.904,-1,4
530,4.46074,2.893,-1,4
531,4.46074,2.891,-1,4
532,4.46074,2.880,-1,4
533,4.46074,2.875,-1,4
534,4.46074,2.872,-1,4
535,4.46074,2.865,-1,4
536,4.46074,2.860,-1,4
537,4.46074,2.853,-1,4
538,4.46074,2.848,-1,4
539,4.46074,2.844,-1,4
540,4.49226,2.833,-1,4
541,4.49226,2.828,-1,4
542,4.49226,2.820,-1,4
543,4.49226,2.817,-1,4
544,4.49226,2.812,-1,4
545,4.49226,2.802,-1,4
546,4.49226,2.801,-1,4
547,4.49226,2.796,-1,4
548,4.49226,2.789,-1,4
549,4.52033,2.782,-1,4
550,4.52033,2.774,-1,4
551,4.52033,2.771,-1,4
552,4.52033,2.765,-1,4
553,4.52033,2.757,-1,4
554,4.52033,2.757,-1,4
555,4.52033,2.750,-1,4
556,4.52033,2.746,-1,4
557,4.52033,2.741,-1,4
558,4.54791,2.734,-1,4
559,4.54791,2.729,-1,4
560,4.54791,2.718,-1,4
561,4.54791,2.717,-1,4
562,4.54791,2.715,-1,4
563,4.54791,2.707,-1,4
564,4.54791,2.700,-1,4
565,4.54791,2.696,-1,4
566,4.54791,2.693,-1,4
567,4.54791,2.688,-1,4
568,4.57768,2.682,-1,4
569,4.57768,2.672,-1,4
570,4.57768,2.665,-1,4
571,4.57768,2.663,-1,4
572,4.57768,2.659,-1,4
573,4.57768,2.652,-1,4
574,4.57768,2.648,-1,4
575,4.57768,2.645,-1,4
576,4.57768,2.639,-1,4
577,4.57768,2.634,-1,4
578,4.60424,2.633,-1,4
579,4.60424,2.622,-1,4
580,4.60424,2.620,-1,4
581,4.60424,2.616,-1,4
582,4.60424,2.610,-1,4
583,4.60424,2.609,-1,4
584,4.60424,2.606,-1,4
585,4.60424,2.602,-1,4
586,4.60424,2.594,-1,4
587,4.63297,2.594,-1,4
588,4.63297,2.589,-1,4
589,4.63297,2.584,-1,4
590,4.63297,2.580,-1,4
591,4.63297,2.577,-1,4
592,4.63297,2.576,-1,4
593,4.63297,2.572,-1,4
594,4.63297,2.572,-1,4
595,4.63297,2.570,-1,4
596,4.63297,2.564,-1,4
597,4.65874,2.567,-1,4
598,4.65874,2.565,-1,4
599,4.65874,2.559,-1,4
600,4.65874,2.558,-1,4
601,4.65874,2.559,-1,4
602,4.65874,2.560,-1,4
603,4.65874,2.558,-1,4
604,4.65874,2.559,-1,4
605,4.65874,2.558,-1,4
606,4.68691,2.556,-1,4
607,4.68691,2.554,-1,4
608,4.68691,2.561,-1,4
609,4.68691,2.553,-1,4
610,4.68691,2.556,-1,4
611,4.68691,2.562,-1,4
612,4.68691,2.561,-1,4
613,4.68691,2.556,-1,4
614,4.68691,2.560,-1,4
615,4.68691,2.560,-1,4
616,4.71249,2.563,-1,4
617,4.71249,2.568,-1,4
618,4.71249,2.565,-1,4
619,4.71249,2.566,-1,4
620,4.71249,2.570,-1,4
621,4.71249,2.573,-1,4
622,4.71249,2.572,-1,4
623,4.71249,2.572,-1,4
624,4.71249,2.575,-1,4
625,4.74076,2.581,-1,4
626,4.74076,2.580,-1,4
627,4.74076,2.587,-1,4
628,4.74076,2.591,-1,4
629,4.74076,2.592,-1,4
630,4.74076,2.589,-1,4
631,4.74076,2.597,-1,4
632,4.74076,2.599,-1,4
633,4.74076,2.604,-1,4
634,4.76668,2.605,-1,4
635,4.76668,2.610,-1,4
636,4.76668,2.614,-1,4
637,4.76668,2.620,-1,4
638,4.76668,2.617,-1,4
639,4.76668,2.622,-1,4
640,4.76668,2.622,-1,4
641,4.76668,2.633,-1,4
642,4.76668,2.632,-1,4
643,4.76668,2.633,-1,4
644,4.79553,2.636,-1,4
645,4.79553,2.645,-1,4
646,4.79553,2.648,-1,4
647,4.79553,2.651,-1,4
648,4.79553,2.654,-1,4
649,4.79553,2.659,-1,4
650,4.79553,2.666,-1,4
651,4.79553,2.665,-1,4
652,4.79553,2.671,-1,4
653,4.79553,2.671,-1,4
654,4.82210,2.679,-1,4
655,4.82210,2.686,-1,4
656,4.82210,2.688,-1,4
657,4.82210,2.696,-1,4
658,4.82210,2.702,-1,4
659,4.82210,2.703,-1,4
660,4.82210,2.708,-1,4
661,4.82210,2.711,-1,4
662,4.82210,2.716,-1,4
663,4.85180,2.725,-1,4
664,4.85180,2.728,-1,4
665,4.85180,2.730,-1,4
666,4.85180,2.742,-1,4
667,4.85180,2.748,-1,4
668,4.85180,2.749,-1,4
669,4.85180,2.754,-1,4
670,4.85180,2.762,-1,4
671,4.85180,2.769,-1,4
672,4.87652,2.772,-1,4
673,4.87652,2.777,-1,4
674,4.87652,2.782,-1,4
675,4.87652,2.785,-1,4
676,4.87652,2.796,-1,4
677,4.87652,2.798,-1,4
678,4.87652,2.803,-1,4
679,4.87652,2.809,-1,4
680,4.87652,2.814,-1,4
681,4.87652,2.821,-1,4
682,4.90447,2.824,-1,4
683,4.90447,2.829,-1,4
684,4.90447,2.834,-1,4
685,4.90447,2.838,-1,4
686,4.90447,2.842,-1,4
687,4.90447,2.855,-1,4
688,4.90447,2.856,-1,4
689,4.90447,2.857,-1,4
690,4.90447,2.864,-1,4
691,4.93294,2.875,-1,4
692,4.93294,2.883,-1,4
693,4.93294,2.880,-1,4
694,4.93294,2.887,-1,4
695,4.93294,2.891,-1,4
696,4.93294,2.902,-1,4
697,4.93294,2.903,-1,4
698,4.93294,2.910,-1,4
699,4.93294,2.908,-1,4
700,4.95898,2.916,-1,4
701,4.95898,2.922,-1,4
702,4.95898,2.929,-1,4
703,4.95898,2.930,-1,4
704,4.95898,2.931,-1,4
705,4.95898,2.942,-1,4
706,4.95898,2.944,-1,4
707,4.95898,2.948,-1,4
708,4.95898,2.957,-1,4
709,4.95898,2.959,-1,4
710,4.99131,2.965,-1,4
711,4.99131,2.971,-1,4
712,4.99131,2.973,-1,4
713,4.99131,2.978,-1,4
714,4.99131,2.980,-1,4
715,4.99131,2.986,-1,4
716,4.99131,2.988,-1,4
717,4.99131,2.997,-1,4
718,4.99131,2.998,-1,4
719,5.02114,3.002,-1,4
720,5.02114,3.006,-1,4
721,5.02114,3.011,-1,4
722,5.02114,3.017,-1,4
723,5.02114,3.017,-1,4
724,5.02114,3.022,-1,4
725,5.02114,3.023,-1,4
726,5.02114,3.028,-1,4
727,5.02114,3.034,-1,4
728,5.05133,3.037,-1,4
729,5.05133,3.039,-1,4
730,5.05133,3.043,-1,4
731,5.05133,3.049,-1,4
732,5.05133,3.046,-1,4
733,5.05133,3.050,-1,4
734,5.05133,3.054,-1,4
735,5.05133,3.056,-1,4
736,5.05133,3.061,-1,4
737,5.08489,3.063,-1,4
738,5.08489,3.068,-1,4
739,5.08489,3.070,-1,4
740,5.08489,3.073,-1,4
741,5.08489,3.077,-1,4
742,5.08489,3.077,-1,4
743,5.08489,3.082,-1,4
744,5.08489,3.084,-1,4
745,5.08489,3.093,-1,4
746,5.11260,3.090,-1,4
747,5.11260,3.099,-1,4
748,5.11260,3.101,-1,4
749,5.11260,3.107,-1,4
750,5.11260,3.106,-1,4
751,5.11260,3.108,-1,4
752,5.11260,3.112,-1,4
753,5.11260,3.118,-1,4
754,5.11260,3.120,-1,4
755,5.11260,3.123,-1,4
756,5.14681,3.130,-1,4
757,5.14681,3.133,-1,4
758,5.14681,3.141,-1,4
759,5.14681,3.139,-1,4
760,5.14681,3.144,-1,4
761,5.14681,3.150,-1,4
762,5.14681,3.150,-1,4
763,5.14681,3.161,-1,4
764,5.14681,3.164,-1,4
765,5.17829,3.164,-1,4
766,5.17829,3.175,-1,4
767,5.17829,3.179,-1,4
768,5.17829,3.183,-1,4
769,5.17829,3.183,-1,4
770,5.17829,3.188,-1,4
771,5.17829,3.189,-1,4
772,5.17829,3.202,-1,4
773,5.17829,3.200,-1,4
774,5.17829,3.202,-1,4
775,5.21337,3.205,-1,4
776,5.21337,3.215,-1,4
777,5.21337,3.216,-1,4
778,5.21337,3.214,-1,4
779,5.21337,3.219,-1,4
780,5.21337,3.221,-1,4
781,5.21337,3.225,-1,4
782,5.21337,3.229,-1,4
783,5.21337,3.228,-1,4
784,5.24556,3.227,-1,4
785,5.24556,3.236,-1,4
786,5.24556,3.231,-1,4
787,5.24556,3.238,-1,4
788,5.24556,3.235,-1,4
789,5.24556,3.236,-1,4
790,5.24556,3.238,-1,4
791,5.24556,3.238,-1,4
792,5.24556,3.235,-1,4
793,5.24556,3.235,-1,4
794,5.27792,3.239,-1,4
795,5.27792,3.235,-1,4
796,5.27792,3.230,-1,4
797,5.27792,3.234,-1,4
798,5.27792,3.232,-1,4
799,5.27792,3.231,-1,4
800,5.27792,3.228,-1,4
801,5.27792,3.226,-1,4
802,5.31024,3.223,-1,4
803,5.31024,3.227,-1,4
804,5.31024,3.226,-1,4
805,5.31024,3.222,-1,4
806,5.31024,3.216,-1,4
807,5.31024,3.218,-1,4
808,5.31024,3.220,-1,4
809,5.31024,3.214,-1,4
810,5.31024,3.208,-1,4
811,5.34242,3.211,-1,4
812,5.34242,3.211,-1,4
813,5.34242,3.207,-1,4
814,5.34242,3.206,-1,4
815,5.34242,3.203,-1,4
816,5.34242,3.201,-1,4
817,5.34242,3.199,-1,4
818,5.34242,3.198,-1,4
819,5.34242,3.194,-1,4
820,5.37444,3.196,-1,4
821,5.37444,3.196,-1,4
822,5.37444,3.192,-1,4
823,5.37444,3.190,-1,4
824,5.37444,3.188,-1,4
825,5.37444,3.191,-1,4
826,5.37444,3.188,-1,4
827,5.37444,3.186,-1,4
828,5.37444,3.185,-1,4
829,5.37444,3.181,-1,4
830,5.40950,3.185,-1,4
831,5.40950,3.179,-1,4
832,5.40950,3.176,-1,4
833,5.40950,3.176,-1,4
834,5.40950,3.175,-1,4
835,5.40950,3.173,-1,4
836,5.40950,3.170,-1,4
837,5.40950,3.168,-1,4
838,5.40950,3.165,-1,4
839,5.44122,3.165,-1,4
840,5.44122,3.159,-1,4
841,5.44122,3.162,-1,4
842,5.44122,3.158,-1,4
843,5.44122,3.157,-1,4
844,5.44122,3.157,-1,4
845,5.44122,3.153,-1,4
846,5.44122,3.153,-1,4
847,5.44122,3.148,-1,4
848,5.44122,3.148,-1,4
849,5.47591,3.146,-1,4
850,5.47591,3.142,-1,4
851,5.47591,3.137,-1,4
852,5.47591,3.141,-1,4
853,5.47591,3.138,-1,4
854,5.47591,3.135,-1,4
855,5.47591,3.135,-1,4
856,5.47591,3.127,-1,4
857,5.47591,3.126,-1,4
858,5.47591,3.125,-1,4
859,5.51037,3.120,-1,4
860,5.51037,3.120,-1,4
861,5.51037,3.119,-1,4
862,5.51037,3.116,-1,4
863,5.51037,3.114,-1,4
864,5.51037,3.109,-1,4
865,5.51037,3.107,-1,4
866,5.51037,3.106,-1,4
867,5.51037,3.105,-1,4
868,5.51037,3.100,-1,4
869,5.54147,3.100,-1,4
870,5.54147,3.090,-1,4
871,5.54147,3.095,-1,4
872,5.54147,3.086,-1,4
873,5.54147,3.082,-1,4
874,5.54147,3.081,-1,4
875,5.54147,3.078,-1,4
876,5.54147,3.076,-1,4
877,5.54147,3.076,-1,4
878,5.54147,3.068,-1,4
879,5.57536,3.064,-1,4
880,5.57536,3.063,-1,4
881,5.57536,3.055,-1,4
882,5.57536,3.052,-1,4
883,5.57536,3.054,-1,4
884,5.57536,3.050,-1,4
885,5.57536,3.048,-1,4
886,5.57536,3.044,-1,4
887,5.57536,3.039,-1,4
888,5.57536,3.039,-1,4
889,5.60890,3.036,-1,4
890,5.60890,3.030,-1,4
891,5.60890,3.024,-1,4
892,5.60890,3.023,-1,4
893,5.60890,3.021,-1,4
894,5.60890,3.019,-1,4
895,5.60890,3.014,-1,4
896,5.60890,3.007,-1,4
897,5.60890,3.009,-1,4
898,5.60890,3.008,-1,4
899,5.64209,2.999,-1,4
900,5.64209,2.997,-1,4
901,5.64209,2.992,-1,4
902,5.64209,2.992,-1,4
903,5.64209,2.988,-1,4
904,5.64209,2.983,-1,4
905,5.64209,2.982,-1,4
906,5.64209,2.982,-1,4
907,5.64209,2.976,-1,4
908,5.64209,2.976,-1,4
909,5.67493,2.972,-1,4
910,5.67493,2.968,-1,4
911,5.67493,2.968,-1,4
912,5.67493,2.961,-1,4
913,5.67493,2.962,-1,4
914,5.67493,2.961,-1,4
915,5.67493,2.958,-1,4
916,5.67493,2.955,-1,4
917,5.67493,2.954,-1,4
918,5.70454,2.952,-1,4
919,5.70454,2.947,-1,4
920,5.70454,2.945,-1,4
921,5.70454,2.942,-1,4
922,5.70454,2.941,-1,4
923,5.70454,2.940,-1,4
924,5.70454,2.937,-1,4
925,5.70454,2.935,-1,4
926,5.70454,2.933,-1,4
927,5.73394,2.930,-1,4
928,5.73394,2.930,-1,4
929,5.73394,2.930,-1,4
930,5.73394,2.922,-1,4
931,5.73394,2.925,-1,4
932,5.73394,2.923,-1,4
933,5.73394,2.922,-1,4
934,5.73394,2.920,-1,4
935,5.73394,2.917,-1,4
936,5.76026,2.917,-1,4
937,5.76026,2.915,-1,4
938,5.76026,2.917,-1,4
939,5.76026,2.918,-1,4
940,5.76026,2.913,-1,4
941,5.76026,2.913,-1,4
942,5.76026,2.911,-1,4
943,5.76026,2.915,-1,4
944,5.76026,2.915,-1,4
945,5.78940,2.908,-1,4
946,5.78940,2.912,-1,4
947,5.78940,2.913,-1,4
948,5.78940,2.915,-1,4
949,5.78940,2.917,-1,4
950,5.78940,2.913,-1,4
951,5.78940,2.915,-1,4
952,5.78940,2.925,-1,4
953,5.78940,2.924,-1,4
954,5.82148,2.923,-1,4
955,5.82148,2.926,-1,4
956,5.82148,2.929,-1,4
957,5.82148,2.933,-1,4
958,5.82148,2.939,-1,4
959,5.82148,2.938,-1,4
960,5.82148,2.937,-1,4
961,5.82148,2.945,-1,4
962,5.82148,2.953,-1,4
963,5.82148,2.957,-1,4
964,5.85385,2.959,-1,4
965,5.85385,2.965,-1,4
966,5.85385,2.971,-1,4
967,5.85385,2.976,-1,4
968,5.85385,2.980,-1,4
969,5.85385,2.986,-1,4
970,5.85385,2.994,-1,4
971,5.85385,2.999,-1,4
972,5.85385,3.005,-1,4
973,5.85385,3.015,-1,4
974,5.88376,3.026,-1,4
975,5.88376,3.035,-1,4
976,5.88376,3.041,-1,4
977,5.88376,3.048,-1,4
978,5.88376,3.057,-1,4
979,5.88376,3.063,-1,4
980,5.88376,3.071,-1,4
981,5.88376,3.077,-1,4
982,5.88376,3.088,-1,4
983,5.91436,3.092,-1,4
984,5.91436,3.102,-1,4
985,5.91436,3.113,-1,4
986,5.91436,3.124,-1,4
987,5.91436,3.132,-1,4
988,5.91436,3.134,-1,4
989,5.91436,3.143,-1,4
990,5.91436,3.151,-1,4
991,5.91436,3.158,-1,4
992,5.94568,3.165,-1,4
993,5.94568,3.167,-1,4
994,5.94568,3.178,-1,4
995,5.94568,3.182,-1,4
996,5.94568,3.194,-1,4
997,5.94568,3.199,-1,4
998,5.94568,3.206,-1,4
999,5.94568,3.209,-1,4
1000,5.94568,3.221,-1,4
1001,5.97766,3.222,-1,4
1002,5.97766,3.220,-1,4
1003,5.97766,3.232,-1,4
1004,5.97766,3.238,-1,4
1005,5.97766,3.241,-1,4
1006,5.97766,3.242,-1,4
1007,5.97766,3.248,-1,4
1008,5.97766,3.259,-1,4
1009,5.97766,3.262,-1,4
1010,6.01011,3.264,-1,4
1011,6.01011,3.272,-1,4
1012,6.01011,3.275,-1,4
1013,6.01011,3.282,-1,4
1014,6.01011,3.285,-1,4
1015,6.01011,3.287,-1,4
1016,6.01011,3.293,-1,4
1017,6.01011,3.298,-1,4
1018,6.01011,3.303,-1,4
1019,6.01011,3.308,-1,4
1020,6.04634,3.311,-1,4
1021,6.04634,3.319,-1,4
1022,6.04634,3.329,-1,4
1023,6.04634,3.327,-1,4
1024,6.04634,3.328,-1,4
1025,6.04634,3.334,-1,4
1026,6.04634,3.337,-1,4
1027,6.04634,3.345,-1,4
1028,6.04634,3.346,-1,4
1029,6.07635,3.350,-1,4
1030,6.07635,3.359,-1,4
1031,6.07635,3.364,-1,4
1032,6.07635,3.367,-1,4
1033,6.07635,3.367,-1,4
1034,6.07635,3.371,-1,4
1035,6.07635,3.379,-1,4
1036,6.07635,3.383,-1,4
1037,6.07635,3.385,-1,4
1038,6.07635,3.388,-1,4
1039,6.11007,3.392,-1,4
1040,6.11007,3.398,-1,4
1041,6.11007,3.401,-1,4
1042,6.11007,3.408,-1,4
1043,6.11007,3.409,-1,4
1044,6.11007,3.413,-1,4
1045,6.11007,3.415,-1,4
1046,6.11007,3.417,-1,4
1047,6.14414,3.420,-1,4
1048,6.14414,3.423,-1,4
1049,6.14414,3.423,-1,4
1050,6.14414,3.427,-1,4
1051,6.14414,3.435,-1,4
1052,6.14414,3.438,-1,4
1053,6.14414,3.438,-1,4
1054,6.14414,3.441,-1,4
1055,6.14414,3.440,-1,4
1056,6.17848,3.447,-1,4
1057,6.17848,3.448,-1,4
1058,6.17848,3.451,-1,4
1059,6.17848,3.448,-1,4
1060,6.17848,3.453,-1,4
1061,6.17848,3.456,-1,4
1062,6.17848,3.458,-1,4
1063,6.17848,3.459,-1,4
1064,6.17848,3.465,-1,4
1065,6.17848,3.468,-1,4
1066,6.21651,3.467,-1,4
1067,6.21651,3.467,-1,4
1068,6.21651,3.473,-1,4
1069,6.21651,3.473,-1,4
1070,6.21651,3.478,-1,4
1071,6.21651,3.479,-1,4
1072,6.21651,3.480,-1,4
1073,6.21651,3.485,-1,4
1074,6.21651,3.486,-1,4
1075,6.24782,3.494,-1,4
1076,6.24782,3.490,-1,4
1077,6.24782,3.499,-1,4
1078,6.24782,3.500,-1,4
1079,6.24782,3.502,-1,4
1080,6.24782,3.504,-1,4
1081,6.24782,3.504,-1,4
1082,6.24782,3.511,-1,4
1083,6.24782,3.515,-1,4
1084,6.24782,3.514,-1,4
1085,6.28989,3.520,-1,4
1086,6.28989,3.524,-1,4
1087,6.28989,3.530,-1,4
1088,6.28989,3.530,-1,4
1089,6.28989,3.535,-1,4
1090,6.28989,3.537,-1,4
1091,6.28989,3.543,-1,4
1092,6.28989,3.546,-1,4
1093,6.28989,3.550,-1,4
1094,6.28989,3.553,-1,4
1095,6.32174,3.555,-1,4
1096,6.32174,3.565,-1,4
1097,6.32174,3.567,-1,4
1098,6.32174,3.569,-1,4
1099,6.32174,3.576,-1,4
1100,6.32174,3.575,-1,4
1101,6.32174,3.581,-1,4
1102,6.32174,3.584,-1,4
1103,6.32174,3.589,-1,4
1104,6.36105,3.590,-1,4
1105,6.36105,3.595,-1,4
1106,6.36105,3.595,-1,4
1107,6.36105,3.603,-1,4
1108,6.36105,3.609,-1,4
1109,6.36105,3.611,-1,4
1110,6.36105,3.610,-1,4
1111,6.36105,3.616,-1,4
1112,6.36105,3.620,-1,4
1113,6.39713,3.621,-1,4
1114,6.39713,3.622,-1,4
1115,6.39713,3.624,-1,4
1116,6.39713,3.625,-1,4
1117,6.39713,3.628,-1,4
1118,6.39713,3.631,-1,4
1119,6.39713,3.636,-1,4
1120,6.39713,3.634,-1,4
1121,6.39713,3.636,-1,4
1122,6.43344,3.637,-1,4
1123,6.43344,3.641,-1,4
1124,6.43344,3.639,-1,4
1125,6.43344,3.640,-1,4
1126,6.43344,3.644,-1,4
1127,6.43344,3.643,-1,4
1128,6.43344,3.643,-1,4
1129,6.43344,3.644,-1,4
1130,6.43344,3.646,-1,4
1131,6.43344,3.642,-1,4
1132,6.47351,3.644,-1,4
1133,6.47351,3.645,-1,4
1134,6.47351,3.645,-1,4
1135,6.47351,3.641,-1,4
1136,6.47351,3.641,-1,4
1137,6.47351,3.640,-1,4
1138,6.47351,3.643,-1,4
1139,6.47351,3.640,-1,4
1140,6.47351,3.639,-1,4
1141,6.47351,3.637,-1,4
1142,6.50991,3.640,-1,4
1143,6.50991,3.639,-1,4
1144,6.50991,3.634,-1,4
1145,6.50991,3.632,-1,4
1146,6.50991,3.635,-1,4
1147,6.50991,3.633,-1,4
1148,6.50991,3.632,-1,4
1149,6.50991,3.630,-1,4
1150,6.50991,3.631,-1,4
1151,6.50991,3.627,-1,4
1152,6.54987,3.625,-1,4
1153,6.54987,3.624,-1,4
1154,6.54987,3.623,-1,4
1155,6.54987,3.623,-1,4
1156,6.54987,3.621,-1,4
1157,6.54987,3.619,-1,4
1158,6.54987,3.618,-1,4
1159,6.54987,3.619,-1,4
1160,6.54987,3.615,-1,4
1161,6.54987,3.616,-1,4
1162,6.58969,3.614,-1,4
1163,6.58969,3.616,-1,4
1164,6.58969,3.614,-1,4
1165,6.58969,3.614,-1,4
1166,6.58969,3.612,-1,4
1167,6.58969,3.612,-1,4
1168,6.58969,3.609,-1,4
1169,6.58969,3.612,-1,4
1170,6.58969,3.609,-1,4
1171,6.62221,3.610,-1,4
1172,6.62221,3.607,-1,4
1173,6.62221,3.606,-1,4
1174,6.62221,3.604,-1,4
1175,6.62221,3.606,-1,4
1176,6.62221,3.603,-1,4
1177,6.62221,3.604,-1,4
1178,6.62221,3.602,-1,4
1179,6.62221,3.602,-1,4
1180,6.65826,3.600,-1,4
1181,6.65826,3.601,-1,4
1182,6.65826,3.598,-1,4
1183,6.65826,3.600,-1,4
1184,6.65826,3.596,-1,4
1185,6.65826,3.595,-1,4
1186,6.65826,3.594,-1,4
1187,6.65826,3.592,-1,4
1188,6.65826,3.590,-1,4
1189,6.69421,3.586,-1,4
1190,6.69421,3.586,-1,4
1191,6.69421,3.585,-1,4
1192,6.69421,3.582,-1,4
1193,6.69421,3.579,-1,4
1194,6.69421,3.578,-1,4
1195,6.69421,3.573,-1,4
1196,6.69421,3.574,-1,4
1197,6.69421,3.571,-1,4
1198,6.69421,3.571,-1,4
1199,6.72641,3.569,-1,4
1200,6.72641,3.567,-1,4
1201,6.72641,3.565,-1,4
1202,6.72641,3.562,-1,4
1203,6.72641,3.561,-1,4
1204,6.72641,3.558,-1,4
1205,6.72641,3.558,-1,4
1206,6.72641,3.554,-1,4
1207,6.72641,3.551,-1,4
1208,6.72641,3.549,-1,4
1209,6.76200,3.550,-1,4
1210,6.76200,3.545,-1,4
1211,6.76200,3.543,-1,4
1212,6.76200,3.542,-1,4
1213,6.76200,3.540,-1,4
1214,6.76200,3.538,-1,4
1215,6.76200,3.536,-1,4
1216,6.76200,3.534,-1,4
1217,6.76200,3.530,-1,4
1218,6.79739,3.530,-1,4
1219,6.79739,3.529,-1,4
1220,6.79739,3.527,-1,4
1221,6.79739,3.523,-1,4
1222,6.79739,3.524,-1,4
1223,6.79739,3.523,-1,4
1224,6.79739,3.524,-1,4
1225,6.79739,3.523,-1,4
1226,6.79739,3.516,-1,4
1227,6.79739,3.518,-1,4
1228,6.83967,3.518,-1,4
1229,6.83967,3.516,-1,4
1230,6.83967,3.518,-1,4
1231,6.83967,3.515,-1,4
1232,6.83967,3.516,-1,4
1233,6.83967,3.514,-1,4
1234,6.83967,3.517,-1,4
1235,6.83967,3.518,-1,4
1236,6.83967,3.516,-1,4
1237,6.87132,3.517,-1,4
1238,6.87132,3.521,-1,4
1239,6.87132,3.518,-1,4
1240,6.87132,3.520,-1,4
1241,6.87132,3.519,-1,4
1242,6.87132,3.521,-1,4
1243,6.87132,3.517,-1,4
1244,6.87132,3.523,-1,4
1245,6.87132,3.522,-1,4
1246,6.87132,3.522,-1,4
1247,6.90652,3.519,-1,4
1248,6.90652,3.522,-1,4
1249,6.90652,3.523,-1,4
1250,6.90652,3.520,-1,4
1251,6.90652,3.521,-1,4
1252,6.90652,3.525,-1,4
1253,6.90652,3.527,-1,4
1254,6.90652,3.524,-1,4
1255,6.90652,3.525,-1,4
1256,6.94527,3.528,-1,4
1257,6.94527,3.530,-1,4
1258,6.94527,3.528,-1,4
1259,6.94527,3.534,-1,4
1260,6.94527,3.535,-1,4
1261,6.94527,3.538,-1,4
1262,6.94527,3.534,-1,4
1263,6.94527,3.538,-1,4
1264,6.94527,3.541,-1,4
1265,6.97708,3.541,-1,4
1266,6.97708,3.546,-1,4
1267,6.97708,3.547,-1,4
1268,6.97708,3.546,-1,4
1269,6.97708,3.548,-1,4
1270,6.97708,3.551,-1,4
1271,6.97708,3.555,-1,4
1272,6.97708,3.557,-1,4
1273,6.97708,3.567,-1,4
1274,6.97708,3.568,-1,4
1275,7.01617,3.571,-1,4
1276,7.01617,3.571,-1,4
1277,7.01617,3.577,-1,4
1278,7.01617,3.583,-1,4
1279,7.01617,3.588,-1,4
1280,7.01617,3.587,-1,4
1281,7.01617,3.592,-1,4
1282,7.01617,3.600,-1,4
1283,7.01617,3.607,-1,4
1284,7.05566,3.609,-1,4
1285,7.05566,3.618,-1,4
1286,7.05566,3.622,-1,4
1287,7.05566,3.629,-1,4
1288,7.05566,3.630,-1,4
1289,7.05566,3.636,-1,4
1290,7.05566,3.641,-1,4
1291,7.05566,3.646,-1,4
1292,7.05566,3.647,-1,4
1293,7.05566,3.651,-1,4
1294,7.09203,3.657,-1,4
1295,7.09203,3.661,-1,4
1296,7.09203,3.662,-1,4
1297,7.09203,3.666,-1,4
1298,7.09203,3.666,-1,4
1299,7.09203,3.669,-1,4
1300,7.09203,3.667,-1,4
1301,7.09203,3.671,-1,4
1302,7.09203,3.670,-1,4
1303,7.12870,3.672,-1,4
1304,7.12870,3.672,-1,4
1305,7.12870,3.669,-1,4
1306,7.12870,3.674,-1,4
1307,7.12870,3.671,-1,4
1308,7.12870,3.669,-1,4
1309,7.12870,3.668,-1,4
1310,7.12870,3.669,-1,4
1311,7.12870,3.666,-1,4
1312,7.12870,3.663,-1,4
1313,7.16539,3.663,-1,4
1314,7.16539,3.663,-1,4
1315,7.16539,3.656,-1,4
1316,7.16539,3.653,-1,4
1317,7.16539,3.649,-1,4
1318,7.16539,3.646,-1,4
1319,7.16539,3.639,-1,4
1320,7.16539,3.637,-1,4
1321,7.20188,3.635,-1,4
1322,7.20188,3.634,-1,4
1323,7.20188,3.629,-1,4
1324,7.20188,3.626,-1,4
1325,7.20188,3.621,-1,4
1326,7.20188,3.622,-1,4
1327,7.20188,3.618,-1,4
1328,7.20188,3.615,-1,4
1329,7.20188,3.614,-1,4
1330,7.20188,3.610,-1,4
1331,7.23808,3.607,-1,4
1332,7.23808,3.607,-1,4
1333,7.23808,3.605,-1,4
1334,7.23808,3.601,-1,4
1335,7.23808,3.601,-1,4
1336,7.23808,3.601,-1,4
1337,7.23808,3.601,-1,4
1338,7.23808,3.602,-1,4
1339,7.23808,3.599,-1,4
1340,7.27411,3.600,-1,4
1341,7.27411,3.600,-1,4
1342,7.27411,3.604,-1,4
1343,7.27411,3.607,-1,4
1344,7.27411,3.605,-1,4
1345,7.27411,3.609,-1,4
1346,7.27411,3.614,-1,4
1347,7.27411,3.617,-1,4
1348,7.27411,3.619,-1,4
1349,7.30658,3.623,-1,4
1350,7.30658,3.628,-1,4
1351,7.30658,3.628,-1,4
1352,7.30658,3.637,-1,4
1353,7.30658,3.643,-1,4
1354,7.30658,3.645,-1,4
1355,7.30658,3.647,-1,4
1356,7.30658,3.650,-1,4
1357,7.34297,3.654,-1,4
1358,7.34297,3.658,-1,4
1359,7.34297,3.662,-1,4
1360,7.34297,3.660,-1,4
1361,7.34297,3.664,-1,4
1362,7.34297,3.673,-1,4
1363,7.34297,3.670,-1,4
1364,7.34297,3.672,-1,4
1365,7.34297,3.679,-1,4
1366,7.34297,3.682,-1,4
1367,7.37967,3.684,-1,4
1368,7.37967,3.682,-1,4
1369,7.37967,3.685,-1,4
1370,7.37967,3.687,-1,4
1371,7.37967,3.689,-1,4
1372,7.37967,3.687,-1,4
1373,7.37967,3.688,-1,4
1374,7.37967,3.689,-1,4
1375,7.37967,3.692,-1,4
1376,7.41654,3.688,-1,4
1377,7.41654,3.691,-1,4
1378,7.41654,3.692,-1,4
1379,7.41654,3.691,-1,4
1380,7.41654,3.695,-1,4
1381,7.41654,3.694,-1,4
1382,7.41654,3.693,-1,4
1383,7.41654,3.697,-1,4
1384,7.41654,3.694,-1,4
1385,7.45347,3.697,-1,4
1386,7.45347,3.695,-1,4
1387,7.45347,3.697,-1,4
1388,7.45347,3.697,-1,4
1389,7.45347,3.700,-1,4
1390,7.45347,3.702,-1,4
1391,7.45347,3.694,-1,4
1392,7.45347,3.700,-1,4
1393,7.45347,3.701,-1,4
1394,7.45347,3.700,-1,4
1395,7.49046,3.703,-1,4
1396,7.49046,3.701,-1,4
1397,7.49046,3.707,-1,4
1398,7.49046,3.703,-1,4
1399,7.49046,3.707,-1,4
1400,7.49046,3.708,-1,4
1401,7.49046,3.711,-1,4
1402,7.49046,3.707,-1,4
1403,7.52752,3.712,-1,4
1404,7.52752,3.712,-1,4
1405,7.52752,3.711,-1,4
1406,7.52752,3.710,-1,4
1407,7.52752,3.711,-1,4
1408,7.52752,3.711,-1,4
1409,7.52752,3.711,-1,4
1410,7.52752,3.712,-1,4
1411,7.52752,3.710,-1,4
1412,7.52752,3.708,-1,4
1413,7.56463,3.708,-1,4
1414,7.56463,3.709,-1,4
1415,7.56463,3.710,-1,4
1416,7.56463,3.712,-1,4
1417,7.56463,3.706,-1,4
1418,7.56463,3.707,-1,4
1419,7.56463,3.708,-1,4
1420,7.56463,3.708,-1,4
1421,7.56463,3.703,-1,4
1422,7.60541,3.704,-1,4
1423,7.60541,3.701,-1,4
1424,7.60541,3.703,-1,4
1425,7.60541,3.700,-1,4
1426,7.60541,3.696,-1,4
1427,7.60541,3.698,-1,4
1428,7.60541,3.695,-1,4
1429,7.60541,3.694,-1,4
1430,7.60541,3.693,-1,4
1431,7.60541,3.689,-1,4
1432,7.64236,3.690,-1,4
1433,7.64236,3.689,-1,4
1434,7.64236,3.689,-1,4
1435,7.64236,3.682,-1,4
1436,7.64236,3.681,-1,4
1437,7.64236,3.680,-1,4
1438,7.64236,3.678,-1,4
1439,7.64236,3.680,-1,4
1440,7.64236,3.678,-1,4
1441,7.67918,3.670,-1,4
1442,7.67918,3.670,-1,4
1443,7.67918,3.669,-1,4
1444,7.67918,3.669,-1,4
1445,7.67918,3.664,-1,4
1446,7.67918,3.660,-1,4
1447,7.67918,3.658,-1,4
1448,7.67918,3.656,-1,4
1449,7.67918,3.652,-1,4
1450,7.67918,3.650,-1,4
1451,7.71579,3.650,-1,4
1452,7.71579,3.644,-1,4
1453,7.71579,3.645,-1,4
1454,7.71579,3.642,-1,4
1455,7.71579,3.639,-1,4
1456,7.71579,3.636,-1,4
1457,7.71579,3.632,-1,4
1458,7.71579,3.629,-1,4
1459,7.71579,3.629,-1,4
1460,7.75578,3.621,-1,4
1461,7.75578,3.618,-1,4
1462,7.75578,3.613,-1,4
1463,7.75578,3.613,-1,4
1464,7.75578,3.610,-1,4
1465,7.75578,3.608,-1,4
1466,7.75578,3.602,-1,4
1467,7.75578,3.599,-1,4
1468,7.75578,3.598,-1,4
1469,7.75578,3.595,-1,4
1470,7.78824,3.591,-1,4
1471,7.78824,3.589,-1,4
1472,7.78824,3.585,-1,4
1473,7.78824,3.584,-1,4
1474,7.78824,3.577,-1,4
1475,7.78824,3.577,-1,4
1476,7.78824,3.570,-1,4
1477,7.78824,3.570,-1,4
1478,7.82403,3.566,-1,4
1479,7.82403,3.564,-1,4
1480,7.82403,3.563,-1,4
1481,7.82403,3.562,-1,4
1482,7.82403,3.557,-1,4
1483,7.82403,3.556,-1,4
1484,7.82403,3.554,-1,4
1485,7.82403,3.552,-1,4
1486,7.82403,3.549,-1,4
1487,7.82403,3.547,-1,4
1488,7.85603,3.551,-1,4
1489,7.85603,3.548,-1,4
1490,7.85603,3.543,-1,4
1491,7.85603,3.543,-1,4
1492,7.85603,3.543,-1,4
1493,7.85603,3.543,-1,4
1494,7.85603,3.539,-1,4
1495,7.85603,3.535,-1,4
1496,7.85603,3.540,-1,4
1497,7.89146,3.539,-1,4
1498,7.89146,3.535,-1,4
1499,7.89146,3.532,-1,4
1500,7.89146,3.533,-1,4
1501,7.89146,3.534,-1,4
1502,7.89146,3.532,-1,4
1503,7.89146,3.530,-1,4
1504,7.89146,3.529,-1,4
1505,7.89146,3.531,-1,4
1506,7.93032,3.528,-1,4
1507,7.93032,3.527,-1,4
1508,7.93032,3.528,-1,4
1509,7.93032,3.527,-1,4
1510,7.93032,3.526,-1,4
1511,7.93032,3.524,-1,4
1512,7.93032,3.525,-1,4
1513,7.93032,3.527,-1,4
1514,7.93032,3.523,-1,4
1515,7.96205,3.521,-1,4
1516,7.96205,3.520,-1,4
1517,7.96205,3.523,-1,4
1518,7.96205,3.520,-1,4
1519,7.96205,3.520,-1,4
1520,7.96205,3.520,-1,4
1521,7.96205,3.521,-1,4
1522,7.96205,3.519,-1,4
1523,7.96205,3.522,-1,4
1524,7.96205,3.520,-1,4
1525,7.99725,3.523,-1,4
1526,7.99725,3.524,-1,4
1527,7.99725,3.526,-1,4
1528,7.99725,3.526,-1,4
1529,7.99725,3.527,-1,4
1530,7.99725,3.528,-1,4
1531,7.99725,3.532,-1,4
1532,7.99725,3.530,-1,4
1533,7.99725,3.535,-1,4
1534,8.03253,3.535,-1,4
1535,8.03253,3.537,-1,4
1536,8.03253,3.537,-1,4
1537,8.03253,3.539,-1,4
1538,8.03253,3.542,-1,4
1539,8.03253,3.544,-1,4
1540,8.03253,3.545,-1,4
1541,8.03253,3.546,-1,4
1542,8.03253,3.551,-1,4
1543,8.06796,3.554,-1,4
1544,8.06796,3.557,-1,4
1545,8.06796,3.561,-1,4
1546,8.06796,3.560,-1,4
1547,8.06796,3.566,-1,4
1548,8.06796,3.567,-1,4
1549,8.06796,3.570,-1,4
1550,8.06796,3.573,-1,4
1551,8.06796,3.572,-1,4
1552,8.10362,3.575,-1,4
1553,8.10362,3.576,-1,4
1554,8.10362,3.579,-1,4
1555,8.10362,3.583,-1,4
1556,8.10362,3.582,-1,4
1557,8.10362,3.581,-1,4
1558,8.10362,3.584,-1,4
1559,8.10362,3.588,-1,4
1560,8.10362,3.588,-1,4
1561,8.10362,3.588,-1,4
1562,8.14305,3.592,-1,4
1563,8.14305,3.594,-1,4
1564,8.14305,3.593,-1,4
1565,8.14305,3.593,-1,4
1566,8.14305,3.592,-1,4
1567,8.14305,3.597,-1,4
1568,8.14305,3.595,-1,4
1569,8.14305,3.594,-1,4
1570,8.14305,3.592,-1,4
1571,8.14305,3.596,-1,4
1572,8.17539,3.592,-1,4
1573,8.17539,3.591,-1,4
1574,8.17539,3.589,-1,4
1575,8.17539,3.594,-1,4
1576,8.17539,3.591,-1,4
1577,8.17539,3.588,-1,4
1578,8.17539,3.587,-1,4
1579,8.17539,3.589,-1,4
1580,8.21129,3.589,-1,4
1581,8.21129,3.586,-1,4
1582,8.21129,3.586,-1,4
1583,8.21129,3.587,-1,4
1584,8.21129,3.587,-1,4
1585,8.21129,3.588,-1,4
1586,8.21129,3.586,-1,4
1587,8.21129,3.589,-1,4
1588,8.21129,3.589,-1,4
1589,8.21129,3.588,-1,4
1590,8.24717,3.593,-1,4
1591,8.24717,3.593,-1,4
1592,8.24717,3.593,-1,4
1593,8.24717,3.598,-1,4
1594,8.24717,3.599,-1,4
1595,8.24717,3.603,-1,4
1596,8.24717,3.604,-1,4
1597,8.24717,3.610,-1,4
1598,8.24717,3.611,-1,4
1599,8.28319,3.618,-1,4
1600,8.28319,3.621,-1,4
1601,8.28319,3.630,-1,4
1602,8.28319,3.634,-1,4
1603,8.28319,3.642,-1,4
1604,8.28319,3.648,-1,4
1605,8.28319,3.652,-1,4
1606,8.28319,3.656,-1,4
1607,8.28319,3.666,-1,4
1608,8.28319,3.672,-1,4
1609,8.31964,3.680,-1,4
1610,8.31964,3.680,-1,4
1611,8.31964,3.692,-1,4
1612,8.31964,3.699,-1,4
1613,8.31964,3.707,-1,4
1614,8.31964,3.715,-1,4
1615,8.31964,3.730,-1,4
1616,8.31964,3.735,-1,4
1617,8.31964,3.745,-1,4
1618,8.35674,3.751,-1,4
1619,8.35674,3.759,-1,4
1620,8.35674,3.765,-1,4
1621,8.35674,3.773,-1,4
1622,8.35674,3.780,-1,4
1623,8.35674,3.787,-1,4
1624,8.35674,3.789,-1,4
1625,8.35674,3.799,-1,4
1626,8.35674,3.803,-1,4
1627,8.39456,3.810,-1,4
1628,8.39456,3.821,-1,4
1629,8.39456,3.824,-1,4
1630,8.39456,3.829,-1,4
1631,8.39456,3.832,-1,4
1632,8.39456,3.839,-1,4
1633,8.39456,3.843,-1,4
1634,8.39456,3.846,-1,4
1635,8.39456,3.850,-1,4
1636,8.42906,3.853,-1,4
1637,8.42906,3.852,-1,4
1638,8.42906,3.855,-1,4
1639,8.42906,3.860,-1,4
1640,8.42906,3.861,-1,4
1641,8.42906,3.861,-1,4
1642,8.42906,3.863,-1,4
1643,8.42906,3.863,-1,4
1644,8.42906,3.865,-1,4
1645,8.46765,3.863,-1,4
1646,8.46765,3.866,-1,4
1647,8.46765,3.864,-1,4
1648,8.46765,3.866,-1,4
1649,8.46765,3.864,-1,4
1650,8.46765,3.863,-1,4
1651,8.46765,3.865,-1,4
1652,8.46765,3.867,-1,4
1653,8.46765,3.865,-1,4
1654,8.46765,3.861,-1,4
1655,8.50630,3.861,-1,4
1656,8.50630,3.860,-1,4
1657,8.50630,3.864,-1,4
1658,8.50630,3.860,-1,4
1659,8.50630,3.858,-1,4
1660,8.50630,3.860,-1,4
1661,8.50630,3.860,-1,4
1662,8.50630,3.861,-1,4
1663,8.50630,3.857,-1,4
1664,8.54490,3.856,-1,4
1665,8.54490,3.858,-1,4
1666,8.54490,3.861,-1,4
1667,8.54490,3.861,-1,4
1668,8.54490,3.858,-1,4
1669,8.54490,3.861,-1,4
1670,8.54490,3.860,-1,4
1671,8.54490,3.865,-1,4
1672,8.54490,3.867,-1,4
1673,8.58738,3.864,-1,4
1674,8.58738,3.866,-1,4
1675,8.58738,3.868,-1,4
1676,8.58738,3.872,-1,4
1677,8.58738,3.870,-1,4
1678,8.58738,3.871,-1,4
1679,8.58738,3.868,-1,4
1680,8.58738,3.874,-1,4
1681,8.58738,3.875,-1,4
1682,8.58738,3.877,-1,4
1683,8.62610,3.877,-1,4
1684,8.62610,3.881,-1,4
1685,8.62610,3.882,-1,4
1686,8.62610,3.884,-1,4
1687,8.62610,3.884,-1,4
1688,8.62610,3.885,-1,4
1689,8.62610,3.886,-1,4
1690,8.62610,3.888,-1,4
1691,8.62610,3.888,-1,4
1692,8.66494,3.888,-1,4
1693,8.66494,3.887,-1,4
1694,8.66494,3.890,-1,4
1695,8.66494,3.891,-1,4
1696,8.66494,3.892,-1,4
1697,8.66494,3.894,-1,4
1698,8.66494,3.891,-1,4
1699,8.66494,3.890,-1,4
1700,8.66494,3.894,-1,4
1701,8.66494,3.891,-1,4
1702,8.70385,3.898,-1,4
1703,8.70385,3.895,-1,4
1704,8.70385,3.898,-1,4
1705,8.70385,3.897,-1,4
1706,8.70385,3.897,-1,4
1707,8.70385,3.901,-1,4
1708,8.70385,3.898,-1,4
1709,8.70385,3.899,-1,4
1710,8.70385,3.899,-1,4
1711,8.74283,3.899,-1,4
1712,8.74283,3.902,-1,4
1713,8.74283,3.903,-1,4
1714,8.74283,3.903,-1,4
1715,8.74283,3.901,-1,4
1716,8.74283,3.904,-1,4
1717,8.74283,3.903,-1,4
1718,8.74283,3.903,-1,4
1719,8.74283,3.906,-1,4
1720,8.78576,3.907,-1,4
1721,8.78576,3.907,-1,4
1722,8.78576,3.904,-1,4
1723,8.78576,3.905,-1,4
1724,8.78576,3.903,-1,4
1725,8.78576,3.905,-1,4
1726,8.78576,3.905,-1,4
1727,8.78576,3.905,-1,4
1728,8.78576,3.900,-1,4
1729,8.82090,3.899,-1,4
1730,8.82090,3.899,-1,4
1731,8.82090,3.895,-1,4
1732,8.82090,3.892,-1,4
1733,8.82090,3.895,-1,4
1734,8.82090,3.891,-1,4
1735,8.82090,3.891,-1,4
1736,8.82090,3.887,-1,4
1737,8.82090,3.887,-1,4
1738,8.85981,3.883,-1,4
1739,8.85981,3.882,-1,4
1740,8.85981,3.878,-1,4
1741,8.85981,3.877,-1,4
1742,8.85981,3.872,-1,4
1743,8.85981,3.870,-1,4
1744,8.85981,3.871,-1,4
1745,8.85981,3.870,-1,4
1746,8.85981,3.858,-1,4
1747,8.85981,3.859,-1,4
1748,8.89852,3.856,-1,4
1749,8.89852,3.856,-1,4
1750,8.89852,3.852,-1,4
1751,8.89852,3.849,-1,4
1752,8.89852,3.846,-1,4
1753,8.89852,3.845,-1,4
1754,8.89852,3.844,-1,4
1755,8.89852,3.842,-1,4
1756,8.89852,3.838,-1,4
1757,8.93698,3.834,-1,4
1758,8.93698,3.837,-1,4
1759,8.93698,3.829,-1,4
1760,8.93698,3.827,-1,4
1761,8.93698,3.825,-1,4
1762,8.93698,3.825,-1,4
1763,8.93698,3.827,-1,4
1764,8.93698,3.823,-1,4
1765,8.93698,3.821,-1,4
1766,8.93698,3.820,-1,4
1767,8.97525,3.819,-1,4
1768,8.97525,3.819,-1,4
1769,8.97525,3.816,-1,4
1770,8.97525,3.816,-1,4
1771,8.97525,3.815,-1,4
1772,8.97525,3.812,-1,4
1773,8.97525,3.811,-1,4
1774,8.97525,3.811,-1,4
1775,8.97525,3.810,-1,4
1776,9.01339,3.808,-1,4
1777,9.01339,3.809,-1,4
1778,9.01339,3.804,-1,4
1779,9.01339,3.804,-1,4
1780,9.01339,3.801,-1,4
1781,9.01339,3.803,-1,4
1782,9.01339,3.801,-1,4
1783,9.01339,3.799,-1,4
1784,9.01339,3.797,-1,4
1785,9.05521,3.795,-1,4
1786,9.05521,3.794,-1,4
1787,9.05521,3.794,-1,4
1788,9.05521,3.793,-1,4
1789,9.05521,3.790,-1,4
1790,9.05521,3.789,-1,4
1791,9.05521,3.792,-1,4
1792,9.05521,3.784,-1,4
1793,9.05521,3.785,-1,4
1794,9.05521,3.783,-1,4
1795,9.09310,3.779,-1,4
1796,9.09310,3.779,-1,4
1797,9.09310,3.776,-1,4
1798,9.09310,3.774,-1,4
1799,9.09310,3.773,-1,4
1800,9.09310,3.772,-1,4
1801,9.09310,3.766,-1,4
1802,9.09310,3.768,-1,4
1803,9.09310,3.764,-1,4
1804,9.09310,3.760,-1,4
1805,9.13081,3.764,-1,4
1806,9.13081,3.760,-1,4
1807,9.13081,3.757,-1,4
1808,9.13081,3.754,-1,4
1809,9.13081,3.752,-1,4
1810,9.13081,3.747,-1,4
1811,9.13081,3.744,-1,4
1812,9.13081,3.746,-1,4
1813,9.13081,3.742,-1,4
1814,9.16833,3.742,-1,4
1815,9.16833,3.733,-1,4
1816,9.16833,3.737,-1,4
1817,9.16833,3.729,-1,4
1818,9.16833,3.729,-1,4
1819,9.16833,3.727,-1,4
1820,9.16833,3.728,-1,4
1821,9.16833,3.721,-1,4
1822,9.16833,3.720,-1,4
1823,9.20561,3.718,-1,4
1824,9.20561,3.716,-1,4
1825,9.20561,3.713,-1,4
1826,9.20561,3.711,-1,4
1827,9.20561,3.708,-1,4
1828,9.20561,3.709,-1,4
1829,9.20561,3.701,-1,4
1830,9.20561,3.704,-1,4
1831,9.20561,3.699,-1,4
1832,9.20561,3.697,-1,4
1833,9.24268,3.696,-1,4
1834,9.24268,3.692,-1,4
1835,9.24268,3.689,-1,4
1836,9.24268,3.683,-1,4
1837,9.24268,3.684,-1,4
1838,9.24268,3.682,-1,4
1839,9.24268,3.681,-1,4
1840,9.24268,3.682,-1,4
1841,9.27954,3.676,-1,4
1842,9.27954,3.675,-1,4
1843,9.27954,3.673,-1,4
1844,9.27954,3.673,-1,4
1845,9.27954,3.668,-1,4
1846,9.27954,3.667,-1,4
1847,9.27954,3.664,-1,4
1848,9.27954,3.661,-1,4
1849,9.27954,3.659,-1,4
1850,9.27954,3.653,-1,4
1851,9.31619,3.650,-1,4
1852,9.31619,3.651,-1,4
1853,9.31619,3.645,-1,4
1854,9.31619,3.646,-1,4
1855,9.31619,3.641,-1,4
1856,9.31619,3.640,-1,4
1857,9.31619,3.637,-1,4
1858,9.31619,3.635,-1,4
1859,9.31619,3.634,-1,4
1860,9.35261,3.632,-1,4
1861,9.35261,3.625,-1,4
1862,9.35261,3.620,-1,4
1863,9.35261,3.621,-1,4
1864,9.35261,3.618,-1,4
1865,9.35261,3.613,-1,4
1866,9.35261,3.609,-1,4
1867,9.35261,3.607,-1,4
1868,9.35261,3.608,-1,4
1869,9.35261,3.604,-1,4
1870,9.38875,3.601,-1,4
1871,9.38875,3.597,-1,4
1872,9.38875,3.596,-1,4
1873,9.38875,3.593,-1,4
1874,9.38875,3.594,-1,4
1875,9.38875,3.587,-1,4
1876,9.38875,3.583,-1,4
1877,9.38875,3.583,-1,4
1878,9.38875,3.581,-1,4
1879,9.42466,3.579,-1,4
1880,9.42466,3.575,-1,4
1881,9.42466,3.572,-1,4
1882,9.42466,3.572,-1,4
1883,9.42466,3.572,-1,4
1884,9.42466,3.571,-1,4
1885,9.42466,3.565,-1,4
1886,9.42466,3.566,-1,4
1887,9.42466,3.562,-1,4
1888,9.46035,3.563,-1,4
1889,9.46035,3.559,-1,4
1890,9.46035,3.558,-1,4
1891,9.46035,3.558,-1,4
1892,9.46035,3.558,-1,4
1893,9.46035,3.559,-1,4
1894,9.46035,3.558,-1,4
1895,9.46035,3.556,-1,4
1896,9.46035,3.559,-1,4
1897,9.49238,3.558,-1,4
1898,9.49238,3.558,-1,4
1899,9.49238,3.557,-1,4
1900,9.49238,3.560,-1,4
1901,9.49238,3.562,-1,4
1902,9.49238,3.561,-1,4
1903,9.49238,3.563,-1,4
1904,9.49238,3.564,-1,4
1905,9.49238,3.567,-1,4
1906,9.52799,3.567,-1,4
1907,9.52799,3.568,-1,4
1908,9.52799,3.569,-1,4
1909,9.52799,3.570,-1,4
1910,9.52799,3.571,-1,4
1911,9.52799,3.572,-1,4
1912,9.52799,3.577,-1,4
1913,9.52799,3.583,-1,4
1914,9.52799,3.583,-1,4
1915,9.56015,3.585,-1,4
1916,9.56015,3.586,-1,4
1917,9.56015,3.595,-1,4
1918,9.56015,3.599,-1,4
1919,9.56015,3.600,-1,4
1920,9.56015,3.601,-1,4
1921,9.56015,3.608,-1,4
1922,9.56015,3.612,-1,4
1923,9.56015,3.617,-1,4
1924,9.56015,3.617,-1,4
1925,9.59976,3.623,-1,4
1926,9.59976,3.629,-1,4
1927,9.59976,3.636,-1,4
1928,9.59976,3.636,-1,4
1929,9.59976,3.642,-1,4
1930,9.59976,3.652,-1,4
1931,9.59976,3.655,-1,4
1932,9.59976,3.663,-1,4
1933,9.59976,3.667,-1,4
1934,9.63992,3.679,-1,4
1935,9.63992,3.689,-1,4
1936,9.63992,3.693,-1,4
1937,9.63992,3.701,-1,4
1938,9.63992,3.707,-1,4
1939,9.63992,3.715,-1,4
1940,9.63992,3.720,-1,4
1941,9.63992,3.727,-1,4
1942,9.63992,3.734,-1,4
1943,9.63992,3.739,-1,4
1944,9.67710,3.750,-1,4
1945,9.67710,3.756,-1,4
1946,9.67710,3.761,-1,4
1947,9.67710,3.770,-1,4
1948,9.67710,3.785,-1,4
1949,9.67710,3.796,-1,4
1950,9.67710,3.800,-1,4
1951,9.67710,3.808,-1,4
1952,9.71116,3.815,-1,4
1953,9.71116,3.822,-1,4
1954,9.71116,3.830,-1,4
1955,9.71116,3.835,-1,4
1956,9.71116,3.841,-1,4
1957,9.71116,3.848,-1,4
1958,9.71116,3.857,-1,4
1959,9.71116,3.863,-1,4
1960,9.71116,3.864,-1,4
1961,9.71116,3.871,-1,4
1962,9.74579,3.879,-1,4
1963,9.74579,3.885,-1,4
1964,9.74579,3.895,-1,4
1965,9.74579,3.899,-1,4
1966,9.74579,3.904,-1,4
1967,9.74579,3.910,-1,4
1968,9.74579,3.915,-1,4
1969,9.74579,3.919,-1,4
1970,9.78481,3.922,-1,4
1971,9.78481,3.924,-1,4
1972,9.78481,3.929,-1,4
1973,9.78481,3.931,-1,4
1974,9.78481,3.936,-1,4
1975,9.78481,3.937,-1,4
1976,9.78481,3.939,-1,4
1977,9.78481,3.944,-1,4
1978,9.78481,3.947,-1,4
1979,9.78481,3.943,-1,4
1980,9.82419,3.951,-1,4
1981,9.82419,3.954,-1,4
1982,9.82419,3.952,-1,4
1983,9.82419,3.957,-1,4
1984,9.82419,3.955,-1,4
1985,9.82419,3.960,-1,4
1986,9.82419,3.959,-1,4
1987,9.82419,3.958,-1,4
1988,9.82419,3.961,-1,4
1989,9.82419,3.963,-1,4
1990,9.86376,3.961,-1,4
1991,9.86376,3.963,-1,4
1992,9.86376,3.964,-1,4
1993,9.86376,3.960,-1,4
1994,9.86376,3.968,-1,4
1995,9.86376,3.966,-1,4
1996,9.86376,3.965,-1,4
1997,9.86376,3.964,-1,4
1998,9.90340,3.966,-1,4
1999,9.90340,3.971,-1,4
2000,9.90340,3.967,-1,4
2001,9.90340,3.969,-1,4
2002,9.90340,3.968,-1,4
2003,9.90340,3.968,-1,4
2004,9.90340,3.973,-1,4
2005,9.90340,3.969,-1,4
2006,9.90340,3.971,-1,4
2007,9.90340,3.970,-1,4
2008,9.94707,3.970,-1,4
2009,9.94707,3.973,-1,4
2010,9.94707,3.967,-1,4
2011,9.94707,3.969,-1,4
2012,9.94707,3.969,-1,4
2013,9.94707,3.970,-1,4
2014,9.94707,3.969,-1,4
2015,9.94707,3.964,-1,4
2016,9.94707,3.964,-1,4
2017,9.94707,3.968,-1,4
2018,9.98674,3.964,-1,4
2019,9.98674,3.963,-1,4
2020,9.98674,3.959,-1,4
2021,9.98674,3.959,-1,4
2022,9.98674,3.957,-1,4
2023,9.98674,3.955,-1,4
2024,9.98674,3.954,-1,4
2025,9.98674,3.953,-1,4
2026,9.98674,3.946,-1,4
2027,9.98674,3.947,-1,4
2028,10.02630,3.945,-1,4
2029,10.02630,3.941,-1,4
2030,10.02630,3.939,-1,4
2031,10.02630,3.940,-1,4
2032,10.02630,3.939,-1,4
2033,10.02630,3.936,-1,4
2034,10.02630,3.933,-1,4
2035,10.02630,3.932,-1,4
2036,10.02630,3.934,-1,4
2037,10.06567,3.930,-1,4
2038,10.06567,3.928,-1,4
2039,10.06567,3.928,-1,4
2040,10.06567,3.923,-1,4
2041,10.06567,3.923,-1,4
2042,10.06567,3.920,-1,4
2043,10.06567,3.921,-1,4
2044,10.06567,3.917,-1,4
2045,10.06567,3.916,-1,4
2046,10.06567,3.910,-1,4
2047,10.10489,3.906,-1,4
2048,10.10489,3.906,-1,4
2049,10.10489,3.904,-1,4
2050,10.10489,3.901,-1,4
2051,10.10489,3.899,-1,4
2052,10.10489,3.895,-1,4
2053,10.10489,3.892,-1,4
2054,10.10489,3.889,-1,4
2055,10.10489,3.888,-1,4
2056,10.14776,3.882,-1,4
2057,10.14776,3.882,-1,4
2058,10.14776,3.876,-1,4
2059,10.14776,3.876,-1,4
2060,10.14776,3.871,-1,4
2061,10.14776,3.866,-1,4
2062,10.14776,3.861,-1,4
2063,10.14776,3.858,-1,4
2064,10.14776,3.853,-1,4
2065,10.18641,3.849,-1,4
2066,10.18641,3.844,-1,4
2067,10.18641,3.844,-1,4
2068,10.18641,3.843,-1,4
2069,10.18641,3.834,-1,4
2070,10.18641,3.828,-1,4
2071,10.18641,3.825,-1,4
2072,10.18641,3.821,-1,4
2073,10.18641,3.821,-1,4
2074,10.18641,3.814,-1,4
2075,10.22088,3.802,-1,4
2076,10.22088,3.799,-1,4
2077,10.22088,3.795,-1,4
2078,10.22088,3.793,-1,4
2079,10.22088,3.784,-1,4
2080,10.22088,3.777,-1,4
2081,10.22088,3.776,-1,4
2082,10.22088,3.777,-1,4
2083,10.22088,3.766,-1,4
2084,10.22088,3.761,-1,4
2085,10.26252,3.757,-1,4
2086,10.26252,3.753,-1,4
2087,10.26252,3.753,-1,4
2088,10.26252,3.744,-1,4
2089,10.26252,3.743,-1,4
2090,10.26252,3.730,-1,4
2091,10.26252,3.725,-1,4
2092,10.26252,3.726,-1,4
2093,10.29990,3.715,-1,4
2094,10.29990,3.712,-1,4
2095,10.29990,3.701,-1,4
2096,10.29990,3.702,-1,4
2097,10.29990,3.698,-1,4
2098,10.29990,3.695,-1,4
2099,10.29990,3.689,-1,4
2100,10.29990,3.681,-1,4
2101,10.29990,3.679,-1,4
2102,10.32946,3.678,-1,4
2103,10.32946,3.671,-1,4
2104,10.32946,3.662,-1,4
2105,10.32946,3.659,-1,4
2106,10.32946,3.655,-1,4
2107,10.32946,3.651,-1,4
2108,10.32946,3.647,-1,4
2109,10.32946,3.638,-1,4
2110,10.32946,3.636,-1,4
2111,10.36602,3.631,-1,4
2112,10.36602,3.630,-1,4
2113,10.36602,3.622,-1,4
2114,10.36602,3.616,-1,4
2115,10.36602,3.613,-1,4
2116,10.36602,3.611,-1,4
2117,10.36602,3.603,-1,4
2118,10.36602,3.599,-1,4
2119,10.36602,3.591,-1,4
2120,10.40572,3.591,-1,4
2121,10.40572,3.585,-1,4
2122,10.40572,3.581,-1,4
2123,10.40572,3.572,-1,4
2124,10.40572,3.571,-1,4
2125,10.40572,3.569,-1,4
2126,10.40572,3.566,-1,4
2127,10.40572,3.557,-1,4
2128,10.40572,3.551,-1,4
2129,10.43782,3.553,-1,4
2130,10.43782,3.549,-1,4
2131,10.43782,3.542,-1,4
2132,10.43782,3.533,-1,4
2133,10.43782,3.530,-1,4
2134,10.43782,3.527,-1,4
2135,10.43782,3.520,-1,4
2136,10.43782,3.518,-1,4
2137,10.43782,3.515,-1,4
2138,10.46959,3.512,-1,4
2139,10.46959,3.505,-1,4
2140,10.46959,3.504,-1,4
2141,10.46959,3.501,-1,4
2142,10.46959,3.495,-1,4
2143,10.46959,3.494,-1,4
2144,10.46959,3.488,-1,4
2145,10.46959,3.485,-1,4
2146,10.46959,3.486,-1,4
2147,10.50802,3.476,-1,4
2148,10.50802,3.472,-1,4
2149,10.50802,3.468,-1,4
2150,10.50802,3.468,-1,4
2151,10.50802,3.461,-1,4
2152,10.50802,3.462,-1,4
2153,10.50802,3.453,-1,4
2154,10.50802,3.455,-1,4
2155,10.50802,3.449,-1,4
2156,10.50802,3.450,-1,4
2157,10.53916,3.440,-1,4
2158,10.53916,3.444,-1,4
2159,10.53916,3.439,-1,4
2160,10.53916,3.434,-1,4
2161,10.53916,3.432,-1,4
2162,10.53916,3.432,-1,4
2163,10.53916,3.429,-1,4
2164,10.53916,3.428,-1,4
2165,10.53916,3.423,-1,4
2166,10.57350,3.426,-1,4
2167,10.57350,3.422,-1,4
2168,10.57350,3.421,-1,4
2169,10.57350,3.418,-1,4
2170,10.57350,3.413,-1,4
2171,10.57350,3.415,-1,4
2172,10.57350,3.415,-1,4
2173,10.57350,3.410,-1,4
2174,10.57350,3.413,-1,4
2175,10.60766,3.407,-1,4
2176,10.60766,3.410,-1,4
2177,10.60766,3.407,-1,4
2178,10.60766,3.405,-1,4
2179,10.60766,3.405,-1,4
2180,10.60766,3.402,-1,4
2181,10.60766,3.402,-1,4
2182,10.60766,3.403,-1,4
2183,10.60766,3.400,-1,4
2184,10.60766,3.400,-1,4
2185,10.64170,3.397,-1,4
2186,10.64170,3.397,-1,4
2187,10.64170,3.394,-1,4
2188,10.64170,3.394,-1,4
2189,10.64170,3.397,-1,4
2190,10.64170,3.390,-1,4
2191,10.64170,3.391,-1,4
2192,10.64170,3.388,-1,4
2193,10.64170,3.385,-1,4
2194,10.67562,3.386,-1,4
2195,10.67562,3.384,-1,4
2196,10.67562,3.384,-1,4
2197,10.67562,3.383,-1,4
2198,10.67562,3.380,-1,4
2199,10.67562,3.380,-1,4
2200,10.67562,3.377,-1,4
2201,10.67562,3.375,-1,4
2202,10.67562,3.376,-1,4
2203,10.70604,3.373,-1,4
2204,10.70604,3.368,-1,4
2205,10.70604,3.368,-1,4
2206,10.70604,3.364,-1,4
2207,10.70604,3.363,-1,4
2208,10.70604,3.358,-1,4
2209,10.70604,3.357,-1,4
2210,10.70604,3.359,-1,4
2211,10.70604,3.353,-1,4
2212,10.70604,3.351,-1,4
2213,10.74303,3.346,-1,4
2214,10.74303,3.349,-1,4
2215,10.74303,3.348,-1,4
2216,10.74303,3.345,-1,4
2217,10.74303,3.338,-1,4
2218,10.74303,3.339,-1,4
2219,10.74303,3.338,-1,4
2220,10.74303,3.336,-1,4
2221,10.74303,3.328,-1,4
2222,10.77975,3.326,-1,4
2223,10.77975,3.324,-1,4
2224,10.77975,3.322,-1,4
2225,10.77975,3.319,-1,4
2226,10.77975,3.316,-1,4
2227,10.77975,3.314,-1,4
2228,10.77975,3.314,-1,4
2229,10.77975,3.309,-1,4
2230,10.77975,3.306,-1,4
2231,10.80958,3.304,-1,4
2232,10.80958,3.305,-1,4
2233,10.80958,3.300,-1,4
2234,10.80958,3.295,-1,4
2235,10.80958,3.294,-1,4
2236,10.80958,3.296,-1,4
2237,10.80958,3.294,-1,4
2238,10.80958,3.293,-1,4
2239,10.80958,3.292,-1,4
2240,10.84254,3.290,-1,4
2241,10.84254,3.290,-1,4
2242,10.84254,3.290,-1,4
2243,10.84254,3.286,-1,4
2244,10.84254,3.286,-1,4
2245,10.84254,3.289,-1,4
2246,10.84254,3.289,-1,4
2247,10.84254,3.289,-1,4
2248,10.84254,3.282,-1,4
2249,10.84254,3.289,-1,4
2250,10.87542,3.288,-1,4
2251,10.87542,3.289,-1,4
2252,10.87542,3.288,-1,4
2253,10.87542,3.288,-1,4
2254,10.87542,3.294,-1,4
2255,10.87542,3.299,-1,4
2256,10.87542,3.298,-1,4
2257,10.87542,3.296,-1,4
2258,10.87542,3.301,-1,4
2259,10.90837,3.305,-1,4
2260,10.90837,3.309,-1,4
2261,10.90837,3.314,-1,4
2262,10.90837,3.318,-1,4
2263,10.90837,3.326,-1,4
2264,10.90837,3.327,-1,4
2265,10.90837,3.335,-1,4
2266,10.90837,3.335,-1,4
2267,10.90837,3.341,-1,4
2268,10.93828,3.352,-1,4
2269,10.93828,3.358,-1,4
2270,10.93828,3.361,-1,4
2271,10.93828,3.366,-1,4
2272,10.93828,3.373,-1,4
2273,10.93828,3.381,-1,4
2274,10.93828,3.392,-1,4
2275,10.93828,3.397,-1,4
2276,10.93828,3.407,-1,4
2277,10.93828,3.416,-1,4
2278,10.97551,3.432,-1,4
2279,10.97551,3.441,-1,4
2280,10.97551,3.449,-1,4
2281,10.97551,3.460,-1,4
2282,10.97551,3.468,-1,4
2283,10.97551,3.474,-1,4
2284,10.97551,3.489,-1,4
2285,10.97551,3.497,-1,4
2286,10.97551,3.505,-1,4
2287,10.97551,3.513,-1,4
2288,11.01024,3.523,-1,4
2289,11.01024,3.533,-1,4
2290,11.01024,3.552,-1,4
2291,11.01024,3.562,-1,4
2292,11.01024,3.570,-1,4
2293,11.01024,3.581,-1,4
2294,11.01024,3.590,-1,4
2295,11.01024,3.599,-1,4
2296,11.04590,3.610,-1,4
2297,11.04590,3.618,-1,4
2298,11.04590,3.623,-1,4
2299,11.04590,3.633,-1,4
2300,11.04590,3.642,-1,4
2301,11.04590,3.654,-1,4
2302,11.04590,3.658,-1,4
2303,11.04590,3.664,-1,4
2304,11.04590,3.674,-1,4
2305,11.04590,3.678,-1,4
2306,11.08244,3.689,-1,4
2307,11.08244,3.700,-1,4
2308,11.08244,3.709,-1,4
2309,11.08244,3.716,-1,4
2310,11.08244,3.724,-1,4
2311,11.08244,3.731,-1,4
2312,11.08244,3.735,-1,4
2313,11.08244,3.743,-1,4
2314,11.08244,3.750,-1,4
2315,11.11594,3.756,-1,4
2316,11.11594,3.765,-1,4
2317,11.11594,3.773,-1,4
2318,11.11594,3.773,-1,4
2319,11.11594,3.781,-1,4
2320,11.11594,3.789,-1,4
2321,11.11594,3.795,-1,4
2322,11.11594,3.801,-1,4
2323,11.11594,3.805,-1,4
2324,11.11594,3.816,-1,4
2325,11.15760,3.824,-1,4
2326,11.15760,3.828,-1,4
2327,11.15760,3.834,-1,4
2328,11.15760,3.841,-1,4
2329,11.15760,3.846,-1,4
2330,11.15760,3.855,-1,4
2331,11.15760,3.859,-1,4
2332,11.15760,3.864,-1,4
2333,11.15760,3.868,-1,4
2334,11.19222,3.879,-1,4
2335,11.19222,3.884,-1,4
2336,11.19222,3.890,-1,4
2337,11.19222,3.895,-1,4
2338,11.19222,3.901,-1,4
2339,11.19222,3.907,-1,4
2340,11.19222,3.920,-1,4
2341,11.19222,3.928,-1,4
2342,11.23128,3.932,-1,4
2343,11.23128,3.940,-1,4
2344,11.23128,3.943,-1,4
2345,11.23128,3.952,-1,4
2346,11.23128,3.958,-1,4
2347,11.23128,3.961,-1,4
2348,11.23128,3.973,-1,4
2349,11.23128,3.981,-1,4
2350,11.23128,3.979,-1,4
2351,11.26296,3.986,-1,4
2352,11.26296,3.993,-1,4
2353,11.26296,4.005,-1,4
2354,11.26296,4.008,-1,4
2355,11.26296,4.012,-1,4
2356,11.26296,4.019,-1,4
2357,11.26296,4.022,-1,4
2358,11.26296,4.029,-1,4
2359,11.26296,4.031,-1,4
2360,11.30307,4.032,-1,4
2361,11.30307,4.038,-1,4
2362,11.30307,4.043,-1,4
2363,11.30307,4.049,-1,4
2364,11.30307,4.047,-1,4
2365,11.30307,4.050,-1,4
2366,11.30307,4.060,-1,4
2367,11.30307,4.060,-1,4
2368,11.30307,4.064,-1,4
2369,11.30307,4.062,-1,4
2370,11.34764,4.069,-1,4
2371,11.34764,4.073,-1,4
2372,11.34764,4.072,-1,4
2373,11.34764,4.075,-1,4
2374,11.34764,4.073,-1,4
2375,11.34764,4.078,-1,4
2376,11.34764,4.078,-1,4
2377,11.34764,4.077,-1,4
2378,11.34764,4.080,-1,4
2379,11.38840,4.082,-1,4
2380,11.38840,4.080,-1,4
2381,11.38840,4.083,-1,4
2382,11.38840,4.085,-1,4
2383,11.38840,4.081,-1,4
2384,11.38840,4.084,-1,4
2385,11.38840,4.082,-1,4
2386,11.38840,4.081,-1,4
2387,11.38840,4.081,-1,4
2388,11.42922,4.082,-1,4
2389,11.42922,4.083,-1,4
2390,11.42922,4.080,-1,4
2391,11.42922,4.076,-1,4
2392,11.42922,4.078,-1,4
2393,11.42922,4.078,-1,4
2394,11.42922,4.078,-1,4
2395,11.42922,4.074,-1,4
2396,11.42922,4.073,-1,4
2397,11.42922,4.069,-1,4
2398,11.46591,4.075,-1,4
2399,11.46591,4.070,-1,4
2400,11.46591,4.068,-1,4
2401,11.46591,4.063,-1,4
2402,11.46591,4.063,-1,4
2403,11.46591,4.059,-1,4
2404,11.46591,4.056,-1,4
2405,11.46591,4.051,-1,4
2406,11.50248,4.050,-1,4
2407,11.50248,4.051,-1,4
2408,11.50248,4.046,-1,4
2409,11.50248,4.039,-1,4
2410,11.50248,4.040,-1,4
2411,11.50248,4.039,-1,4
2412,11.50248,4.037,-1,4
2413,11.50248,4.033,-1,4
2414,11.50248,4.029,-1,4
2415,11.54287,4.028,-1,4
2416,11.54287,4.024,-1,4
2417,11.54287,4.020,-1,4
2418,11.54287,4.012,-1,4
2419,11.54287,4.011,-1,4
2420,11.54287,4.007,-1,4
2421,11.54287,4.006,-1,4
2422,11.54287,3.997,-1,4
2423,11.54287,3.991,-1,4
2424,11.54287,3.993,-1,4
2425,11.58295,3.991,-1,4
2426,11.58295,3.984,-1,4
2427,11.58295,3.977,-1,4
2428,11.58295,3.977,-1,4
2429,11.58295,3.971,-1,4
2430,11.58295,3.970,-1,4
2431,11.58295,3.965,-1,4
2432,11.58295,3.959,-1,4
2433,11.58295,3.955,-1,4
2434,11.58295,3.945,-1,4
2435,11.62660,3.946,-1,4
2436,11.62660,3.938,-1,4
2437,11.62660,3.934,-1,4
2438,11.62660,3.928,-1,4
2439,11.62660,3.924,-1,4
2440,11.62660,3.920,-1,4
2441,11.62660,3.915,-1,4
2442,11.62660,3.907,-1,4
2443,11.62660,3.903,-1,4
2444,11.66192,3.899,-1,4
2445,11.66192,3.895,-1,4
2446,11.66192,3.889,-1,4
2447,11.66192,3.884,-1,4
2448,11.66192,3.876,-1,4
2449,11.66192,3.871,-1,4
2450,11.66192,3.865,-1,4
2451,11.66192,3.861,-1,4
2452,11.66192,3.855,-1,4
2453,11.70069,3.849,-1,4
2454,11.70069,3.849,-1,4
2455,11.70069,3.844,-1,4
2456,11.70069,3.837,-1,4
2457,11.70069,3.830,-1,4
2458,11.70069,3.828,-1,4
2459,11.70069,3.823,-1,4
2460,11.70069,3.819,-1,4
2461,11.70069,3.812,-1,4
2462,11.73899,3.809,-1,4
2463,11.73899,3.802,-1,4
2464,11.73899,3.794,-1,4
2465,11.73899,3.792,-1,4
2466,11.73899,3.787,-1,4
2467,11.73899,3.785,-1,4
2468,11.73899,3.777,-1,4
2469,11.73899,3.775,-1,4
2470,11.73899,3.770,-1,4
2471,11.73899,3.761,-1,4
2472,11.77684,3.762,-1,4
2473,11.77684,3.756,-1,4
2474,11.77684,3.750,-1,4
2475,11.77684,3.745,-1,4
2476,11.77684,3.742,-1,4
2477,11.77684,3.738,-1,4
2478,11.77684,3.731,-1,4
2479,11.77684,3.727,-1,4
2480,11.77684,3.721,-1,4
2481,11.81796,3.717,-1,4
2482,11.81796,3.714,-1,4
2483,11.81796,3.709,-1,4
2484,11.81796,3.704,-1,4
2485,11.81796,3.700,-1,4
2486,11.81796,3.697,-1,4
2487,11.81796,3.698,-1,4
2488,11.81796,3.688,-1,4
2489,11.81796,3.683,-1,4
2490,11.81796,3.684,-1,4
2491,11.85123,3.679,-1,4
2492,11.85123,3.676,-1,4
2493,11.85123,3.670,-1,4
2494,11.85123,3.668,-1,4
2495,11.85123,3.662,-1,4
2496,11.85123,3.656,-1,4
2497,11.85123,3.651,-1,4
2498,11.85123,3.648,-1,4
2499,11.88785,3.645,-1,4
2500,11.88785,3.643,-1,4
2501,11.88785,3.639,-1,4
2502,11.88785,3.634,-1,4
2503,11.88785,3.629,-1,4
2504,11.88785,3.625,-1,4
2505,11.88785,3.620,-1,4
2506,11.88785,3.623,-1,4
2507,11.88785,3.614,-1,4
2508,11.88785,3.610,-1,4
2509,11.92410,3.605,-1,4
2510,11.92410,3.604,-1,4
2511,11.92410,3.596,-1,4
2512,11.92410,3.589,-1,4
2513,11.92410,3.587,-1,4
2514,11.92410,3.582,-1,4
2515,11.92410,3.579,-1,4
2516,11.92410,3.577,-1,4
2517,11.92410,3.571,-1,4
2518,11.95638,3.568,-1,4
2519,11.95638,3.562,-1,4
2520,11.95638,3.564,-1,4
2521,11.95638,3.558,-1,4
2522,11.95638,3.555,-1,4
2523,11.95638,3.550,-1,4
2524,11.95638,3.548,-1,4
2525,11.95638,3.542,-1,4
2526,11.95638,3.540,-1,4
2527,11.95638,3.538,-1,4
2528,11.99544,3.529,-1,4
2529,11.99544,3.523,-1,4
2530,11.99544,3.520,-1,4
2531,11.99544,3.518,-1,4
2532,11.99544,3.515,-1,4
2533,11.99544,3.511,-1,4
2534,11.99544,3.507,-1,4
2535,11.99544,3.504,-1,4
2536,11.99544,3.501,-1,4
2537,12.02707,3.497,-1,4
2538,12.02707,3.496,-1,4
2539,12.02707,3.492,-1,4
2540,12.02707,3.488,-1,4
2541,12.02707,3.488,-1,4
2542,12.02707,3.483,-1,4
2543,12.02707,3.481,-1,4
2544,12.02707,3.480,-1,4
2545,12.02707,3.474,-1,4
2546,12.06539,3.468,-1,4
2547,12.06539,3.470,-1,4
2548,12.06539,3.464,-1,4
2549,12.06539,3.460,-1,4
2550,12.06539,3.458,-1,4
2551,12.06539,3.458,-1,4
2552,12.06539,3.454,-1,4
2553,12.06539,3.450,-1,4
2554,12.06539,3.449,-1,4
2555,12.06539,3.445,-1,4
2556,12.09649,3.449,-1,4
2557,12.09649,3.446,-1,4
2558,12.09649,3.443,-1,4
2559,12.09649,3.438,-1,4
2560,12.09649,3.441,-1,4
2561,12.09649,3.438,-1,4
2562,12.09649,3.439,-1,4
2563,12.09649,3.431,-1,4
2564,12.09649,3.434,-1,4
2565,12.13089,3.436,-1,4
2566,12.13089,3.433,-1,4
2567,12.13089,3.432,-1,4
2568,12.13089,3.428,-1,4
2569,12.13089,3.435,-1,4
2570,12.13089,3.432,-1,4
2571,12.13089,3.431,-1,4
2572,12.13089,3.431,-1,4
2573,12.13089,3.431,-1,4
2574,12.16522,3.435,-1,4
2575,12.16522,3.431,-1,4
2576,12.16522,3.434,-1,4
2577,12.16522,3.439,-1,4
2578,12.16522,3.437,-1,4
2579,12.16522,3.439,-1,4
2580,12.16522,3.441,-1,4
2581,12.16522,3.443,-1,4
2582,12.16522,3.447,-1,4
2583,12.19961,3.446,-1,4
2584,12.19961,3.450,-1,4
2585,12.19961,3.450,-1,4
2586,12.19961,3.453,-1,4
2587,12.19961,3.457,-1,4
2588,12.19961,3.460,-1,4
2589,12.19961,3.461,-1,4
2590,12.19961,3.466,-1,4
2591,12.19961,3.468,-1,4
2592,12.19961,3.471,-1,4
2593,12.23423,3.476,-1,4
2594,12.23423,3.485,-1,4
2595,12.23423,3.492,-1,4
2596,12.23423,3.492,-1,4
2597,12.23423,3.499,-1,4
2598,12.23423,3.504,-1,4
2599,12.23423,3.508,-1,4
2600,12.23423,3.517,-1,4
2601,12.23423,3.521,-1,4
2602,12.26925,3.526,-1,4
2603,12.26925,3.531,-1,4
2604,12.26925,3.541,-1,4
2605,12.26925,3.549,-1,4
2606,12.26925,3.552,-1,4
2607,12.26925,3.558,-1,4
2608,12.26925,3.569,-1,4
2609,12.26925,3.575,-1,4
2610,12.26925,3.584,-1,4
2611,12.26925,3.598,-1,4
2612,12.30489,3.611,-1,4
2613,12.30489,3.620,-1,4
2614,12.30489,3.628,-1,4
2615,12.30489,3.637,-1,4
2616,12.30489,3.647,-1,4
2617,12.30489,3.658,-1,4
2618,12.30489,3.668,-1,4
2619,12.30489,3.677,-1,4
2620,12.30489,3.691,-1,4
2621,12.33773,3.696,-1,4
2622,12.33773,3.708,-1,4
2623,12.33773,3.718,-1,4
2624,12.33773,3.732,-1,4
2625,12.33773,3.742,-1,4
2626,12.33773,3.761,-1,4
2627,12.33773,3.777,-1,4
2628,12.33773,3.783,-1,4
2629,12.33773,3.794,-1,4
2630,12.37519,3.808,-1,4
2631,12.37519,3.816,-1,4
2632,12.37519,3.832,-1,4
2633,12.37519,3.840,-1,4
2634,12.37519,3.851,-1,4
2635,12.37519,3.859,-1,4
2636,12.37519,3.872,-1,4
2637,12.37519,3.882,-1,4
2638,12.37519,3.891,-1,4
2639,12.41374,3.900,-1,4
2640,12.41374,3.910,-1,4
2641,12.41374,3.925,-1,4
2642,12.41374,3.937,-1,4
2643,12.41374,3.945,-1,4
2644,12.41374,3.952,-1,4
2645,12.41374,3.960,-1,4
2646,12.41374,3.969,-1,4
2647,12.41374,3.977,-1,4
2648,12.45322,3.986,-1,4
2649,12.45322,3.989,-1,4
2650,12.45322,4.000,-1,4
2651,12.45322,4.002,-1,4
2652,12.45322,4.015,-1,4
2653,12.45322,4.016,-1,4
2654,12.45322,4.024,-1,4
2655,12.45322,4.027,-1,4
2656,12.45322,4.032,-1,4
2657,12.45322,4.043,-1,4
2658,12.49341,4.047,-1,4
2659,12.49341,4.052,-1,4
2660,12.49341,4.057,-1,4
2661,12.49341,4.061,-1,4
2662,12.49341,4.068,-1,4
2663,12.49341,4.069,-1,4
2664,12.49341,4.072,-1,4
2665,12.49341,4.078,-1,4
2666,12.49341,4.085,-1,4
2667,12.49341,4.088,-1,4
2668,12.53818,4.089,-1,4
2669,12.53818,4.093,-1,4
2670,12.53818,4.098,-1,4
2671,12.53818,4.101,-1,4
2672,12.53818,4.106,-1,4
2673,12.53818,4.108,-1,4
2674,12.53818,4.111,-1,4
2675,12.53818,4.115,-1,4
2676,12.53818,4.119,-1,4
2677,12.53818,4.122,-1,4
2678,12.57927,4.128,-1,4
2679,12.57927,4.131,-1,4
2680,12.57927,4.136,-1,4
2681,12.57927,4.137,-1,4
2682,12.57927,4.141,-1,4
2683,12.57927,4.144,-1,4
2684,12.57927,4.149,-1,4
2685,12.57927,4.153,-1,4
2686,12.57927,4.156,-1,4
2687,12.62070,4.157,-1,4
2688,12.62070,4.157,-1,4
2689,12.62070,4.163,-1,4
2690,12.62070,4.166,-1,4
2691,12.62070,4.168,-1,4
2692,12.62070,4.169,-1,4
2693,12.62070,4.172,-1,4
2694,12.62070,4.174,-1,4
2695,12.65822,4.177,-1,4
2696,12.65822,4.181,-1,4
2697,12.65822,4.183,-1,4
2698,12.65822,4.188,-1,4
2699,12.65822,4.187,-1,4
2700,12.65822,4.189,-1,4
2701,12.65822,4.190,-1,4
2702,12.65822,4.196,-1,4
2703,12.65822,4.195,-1,4
2704,12.69592,4.196,-1,4
2705,12.69592,4.197,-1,4
2706,12.69592,4.202,-1,4
2707,12.69592,4.201,-1,4
2708,12.69592,4.201,-1,4
2709,12.69592,4.203,-1,4
2710,12.69592,4.208,-1,4
2711,12.69592,4.207,-1,4
2712,12.69592,4.209,-1,4
2713,12.69592,4.208,-1,4
2714,12.73797,4.215,-1,4
2715,12.73797,4.215,-1,4
2716,12.73797,4.213,-1,4
2717,12.73797,4.211,-1,4
2718,12.73797,4.215,-1,4
2719,12.73797,4.220,-1,4
2720,12.73797,4.221,-1,4
2721,12.73797,4.217,-1,4
2722,12.73797,4.216,-1,4
2723,12.77591,4.221,-1,4
2724,12.77591,4.220,-1,4
2725,12.77591,4.224,-1,4
2726,12.77591,4.221,-1,4
2727,12.77591,4.221,-1,4
2728,12.77591,4.226,-1,4
2729,12.77591,4.228,-1,4
2730,12.77591,4.226,-1,4
2731,12.81814,4.227,-1,4
2732,12.81814,4.229,-1,4
2733,12.81814,4.227,-1,4
2734,12.81814,4.233,-1,4
2735,12.81814,4.229,-1,4
2736,12.81814,4.227,-1,4
2737,12.81814,4.233,-1,4
2738,12.81814,4.235,-1,4
2739,12.81814,4.227,-1,4
2740,12.85199,4.228,-1,4
2741,12.85199,4.231,-1,4
2742,12.85199,4.232,-1,4
2743,12.85199,4.233,-1,4
2744,12.85199,4.232,-1,4
2745,12.85199,4.228,-1,4
2746,12.85199,4.233,-1,4
2747,12.85199,4.229,-1,4
2748,12.85199,4.233,-1,4
2749,12.89429,4.230,-1,4
2750,12.89429,4.229,-1,4
2751,12.89429,4.227,-1,4
2752,12.89429,4.229,-1,4
2753,12.89429,4.226,-1,4
2754,12.89429,4.223,-1,4
2755,12.89429,4.226,-1,4
2756,12.89429,4.221,-1,4
2757,12.89429,4.219,-1,4
2758,12.93654,4.215,-1,4
2759,12.93654,4.217,-1,4
2760,12.93654,4.212,-1,4
2761,12.93654,4.212,-1,4
2762,12.93654,4.212,-1,4
2763,12.93654,4.207,-1,4
2764,12.93654,4.204,-1,4
2765,12.93654,4.203,-1,4
2766,12.93654,4.201,-1,4
2767,12.93654,4.199,-1,4
2768,12.98281,4.196,-1,4
2769,12.98281,4.192,-1,4
2770,12.98281,4.188,-1,4
2771,12.98281,4.190,-1,4
2772,12.98281,4.185,-1,4
2773,12.98281,4.183,-1,4
2774,12.98281,4.180,-1,4
2775,12.98281,4.179,-1,4
2776,12.98281,4.175,-1,4
2777,13.02046,4.174,-1,4
2778,13.02046,4.171,-1,4
2779,13.02046,4.166,-1,4
2780,13.02046,4.166,-1,4
2781,13.02046,4.160,-1,4
2782,13.02046,4.160,-1,4
2783,13.02046,4.156,-1,4
2784,13.02046,4.152,-1,4
2785,13.02046,4.149,-1,4
2786,13.02046,4.147,-1,4
2787,13.06206,4.143,-1,4
2788,13.06206,4.140,-1,4
2789,13.06206,4.138,-1,4
2790,13.06206,4.133,-1,4
2791,13.06206,4.132,-1,4
2792,13.06206,4.127,-1,4
2793,13.06206,4.127,-1,4
2794,13.06206,4.123,-1,4
2795,13.06206,4.118,-1,4
2796,13.10748,4.116,-1,4
2797,13.10748,4.112,-1,4
2798,13.10748,4.107,-1,4
2799,13.10748,4.108,-1,4
2800,13.10748,4.106,-1,4
2801,13.10748,4.101,-1,4
2802,13.10748,4.093,-1,4
2803,13.10748,4.093,-1,4
2804,13.10748,4.087,-1,4
2805,13.10748,4.087,-1,4
2805,13.14846,4.085,-1,4
2805,13.14846,4.080,-1,4
2805,13.14846,4.076,-1,4
2805,13.14846,4.074,-1,4
2805,13.14846,4.071,-1,4
2805,13.14846,4.068,-1,4
2805,13.14846,4.062,-1,4
2805,13.14846,4.054,-1,4
2805,13.14846,4.051,-1,4
2805,13.18910,4.049,-1,4
2805,13.18910,4.045,-1,4
2805,13.18910,4.036,-1,4
2805,13.18910,4.036,-1,4
2805,13.18910,4.033,-1,4
2805,13.18910,4.028,-1,4
2805,13.18910,4.023,-1,4
2805,13.18910,4.016,-1,4
2805,13.18910,4.017,-1,4
2805,13.18910,4.012,-1,4
2805,13.22936,4.009,-1,4
2805,13.22936,4.001,-1,4
2805,13.22936,4.001,-1,4
2805,13.22936,3.994,-1,4
2805,13.22936,3.992,-1,4
2805,13.22936,3.986,-1,4
2805,13.22936,3.975,-1,4
2805,13.22936,3.973,-1,4
2805,13.22936,3.972,-1,4
2805,13.26920,3.962,-1,4
2805,13.26920,3.959,-1,4
2805,13.26920,3.955,-1,4
2805,13.26920,3.954,-1,4
2805,13.26920,3.947,-1,4
2805,13.26920,3.945,-1,4
2805,13.26920,3.939,-1,4
2805,13.26920,3.938,-1,4
2805,13.26920,3.937,-1,4
2805,13.26920,3.933,-1,4
2805,13.30470,3.928,-1,4
2805,13.30470,3.926,-1,4
2805,13.30470,3.925,-1,4
2805,13.30470,3.921,-1,4
2805,13.30470,3.918,-1,4
2805,13.30470,3.913,-1,4
2805,13.30470,3.912,-1,4
2805,13.30470,3.912,-1,4
2805,13.34389,3.908,-1,4
2805,13.34389,3.906,-1,4
2805,13.34389,3.902,-1,4
2805,13.34389,3.902,-1,4
2805,13.34389,3.899,-1,4
2805,13.34389,3.898,-1,4
2805,13.34389,3.895,-1,4
2805,13.34389,3.894,-1,4
2805,13.34389,3.893,-1,4
2805,13.34389,3.890,-1,4
2805,13.37897,3.891,-1,4
2805,13.37897,3.889,-1,4
2805,13.37897,3.883,-1,4
2805,13.37897,3.885,-1,4
2805,13.37897,3.882,-1,4
2805,13.37897,3.882,-1,4
2805,13.37897,3.879,-1,4
2805,13.37897,3.878,-1,4
2805,13.37897,3.872,-1,4
2805,13.42167,3.873,-1,4
2805,13.42167,3.869,-1,4
2805,13.42167,3.870,-1,4
2805,13.42167,3.867,-1,4
2805,13.42167,3.867,-1,4
2805,13.42167,3.863,-1,4
2805,13.42167,3.858,-1,4
2805,13.42167,3.858,-1,4
2805,13.42167,3.858,-1,4
2805,13.42167,3.855,-1,4
2805,13.45643,3.854,-1,4
2805,13.45643,3.846,-1,4
2805,13.45643,3.843,-1,4
2805,13.45643,3.841,-1,4
2805,13.45643,3.837,-1,4
2805,13.45643,3.832,-1,4
2805,13.45643,3.831,-1,4
2805,13.45643,3.826,-1,4
2805,13.45643,3.823,-1,4
2805,13.45643,3.819,-1,4
2805,13.50244,3.813,-1,4
2805,13.50244,3.811,-1,4
2805,13.50244,3.808,-1,4
2805,13.50244,3.805,-1,4
2805,13.50244,3.803,-1,4
2805,13.50244,3.799,-1,4
2805,13.50244,3.791,-1,4
2805,13.50244,3.788,-1,4
2805,13.50244,3.788,-1,4
2805,13.50244,3.785,-1,4
2805,13.54417,3.774,-1,4
2805,13.54417,3.769,-1,4
2805,13.54417,3.767,-1,4
2805,13.54417,3.762,-1,4
2805,13.54417,3.756,-1,4
2805,13.54417,3.755,-1,4
2805,13.54417,3.750,-1,4
2805,13.54417,3.746,-1,4
2805,13.54417,3.743,-1,4
2805,13.54417,3.739,-1,4
2805,13.58170,3.739,-1,4
2805,13.58170,3.732,-1,4
2805,13.58170,3.731,-1,4
2805,13.58170,3.731,-1,4
2805,13.58170,3.724,-1,4
2805,13.58170,3.721,-1,4
2805,13.58170,3.722,-1,4
2805,13.58170,3.720,-1,4
2805,13.58170,3.719,-1,4
2805,13.58170,3.712,-1,4
2805,13.62263,3.710,-1,4
2805,13.62263,3.711,-1,4
2805,13.62263,3.707,-1,4
2805,13.62263,3.706,-1,4
2805,13.62263,3.707,-1,4
2805,13.62263,3.701,-1,4
2805,13.62263,3.704,-1,4
2805,13.62263,3.705,-1,4
2805,13.62263,3.700,-1,4
2805,13.62263,3.703,-1,4
2805,13.65967,3.699,-1,4
2805,13.65967,3.705,-1,4
2805,13.65967,3.700,-1,4
2805,13.65967,3.700,-1,4
2805,13.65967,3.698,-1,4
2805,13.65967,3.697,-1,4
2805,13.65967,3.699,-1,4
2805,13.65967,3.696,-1,4
2805,13.65967,3.695,-1,4
2805,13.69665,3.692,-1,4
2805,13.69665,3.692,-1,4
2805,13.69665,3.692,-1,4
2805,13.69665,3.689,-1,4
2805,13.69665,3.692,-1,4
2805,13.69665,3.686,-1,4
2805,13.69665,3.687,-1,4
2805,13.69665,3.689,-1,4
2805,13.69665,3.687,-1,4
2805,13.69665,3.682,-1,4
2805,13.73353,3.685,-1,4
2805,13.73353,3.680,-1,4
2805,13.73353,3.684,-1,4
2805,13.73353,3.682,-1,4
2805,13.73353,3.678,-1,4
2805,13.73353,3.677,-1,4
2805,13.73353,3.674,-1,4
2805,13.73353,3.673,-1,4
2805,13.73353,3.675,-1,4
2805,13.77030,3.670,-1,4
2805,13.77030,3.670,-1,4
2805,13.77030,3.669,-1,4
2805,13.77030,3.670,-1,4
2805,13.77030,3.663,-1,4
2805,13.77030,3.664,-1,4
2805,13.77030,3.663,-1,4
2805,13.77030,3.665,-1,4
2805,13.77030,3.663,-1,4
2805,13.77030,3.663,-1,4
2805,13.80329,3.660,-1,4
2805,13.80329,3.658,-1,4
2805,13.80329,3.660,-1,4
2805,13.80329,3.660,-1,4
2805,13.80329,3.655,-1,4
2805,13.80329,3.656,-1,4
2805,13.80329,3.655,-1,4
2805,13.80329,3.658,-1,4
2805,13.83987,3.652,-1,4
2805,13.83987,3.654,-1,4
2805,13.83987,3.654,-1,4
2805,13.83987,3.656,-1,4
2805,13.83987,3.655,-1,4
2805,13.83987,3.653,-1,4
2805,13.83987,3.655,-1,4
2805,13.83987,3.659,-1,4
2805,13.83987,3.657,-1,4
2805,13.83987,3.657,-1,4
2805,13.87277,3.658,-1,4
2805,13.87277,3.659,-1,4
2805,13.87277,3.659,-1,4
2805,13.87277,3.664,-1,4
2805,13.87277,3.666,-1,4
2805,13.87277,3.667,-1,4
2805,13.87277,3.667,-1,4
2805,13.87277,3.666,-1,4
2805,13.87277,3.671,-1,4
2805,13.91308,3.672,-1,4
2805,13.91308,3.672,-1,4
2805,13.91308,3.677,-1,4
2805,13.91308,3.675,-1,4
2805,13.91308,3.678,-1,4
2805,13.91308,3.683,-1,4
2805,13.91308,3.682,-1,4
2805,13.91308,3.687,-1,4
2805,13.91308,3.691,-1,4
2805,13.91308,3.690,-1,4
2805,13.94621,3.690,-1,4
2805,13.94621,3.696,-1,4
2805,13.94621,3.700,-1,5
2805,13.94621,3.699,-1,5
2805,13.94621,3.704,-1,5
2805,13.94621,3.706,-1,5
2805,13.94621,3.707,-1,5
2805,13.94621,3.708,-1,5
2805,13.94621,3.707,-1,5
2805,13.94621,3.709,-1,5
2805,13.94621,3.712,-1,5
2805,13.99065,3.713,-1,5
2805,13.99065,3.713,-1,5
2805,13.99065,3.712,-1,5
2805,13.99065,3.718,-1,5
2805,13.99065,3.714,-1,5
2805,13.99065,3.716,-1,5
2805,13.99065,3.717,-1,5
2805,13.99065,3.716,-1,5
2805,13.99065,3.719,-1,5
2805,14.02781,3.720,-1,5
2805,14.02781,3.719,-1,5
2805,14.02781,3.719,-1,5
2805,14.02781,3.719,-1,5
2805,14.02781,3.722,-1,5
2805,14.02781,3.722,-1,5
2805,14.02781,3.725,-1,5
2805,14.02781,3.720,-1,5
2805,14.02781,3.723,-1,5
2805,14.02781,3.724,-1,5
2805,14.02781,3.728,-1,5
2805,14.06875,3.726,-1,5
2805,14.06875,3.727,-1,5
2805,14.06875,3.730,-1,5
2805,14.06875,3.734,-1,5
2805,14.06875,3.732,-1,5
2805,14.06875,3.735,-1,5
2805,14.06875,3.734,-1,5
2805,14.06875,3.738,-1,5
2805,14.06875,3.737,-1,5
2805,14.06875,3.743,-1,5
2805,14.10982,3.743,-1,5
2805,14.10982,3.743,-1,5
2805,14.10982,3.741,-1,5
2805,14.10982,3.744,-1,5
2805,14.10982,3.748,-1,5
2805,14.10982,3.749,-1,5
2805,14.10982,3.747,-1,5
2805,14.10982,3.747,-1,5
2805,14.10982,3.753,-1,5
2805,14.14729,3.753,-1,5
2805,14.14729,3.757,-1,5
2805,14.14729,3.752,-1,5
2805,14.14729,3.758,-1,5
2805,14.14729,3.758,-1,5
2805,14.14729,3.761,-1,5
2805,14.14729,3.760,-1,5
2805,14.14729,3.762,-1,5
2805,14.14729,3.764,-1,5
2805,14.14729,3.764,-1,5
2805,14.18489,3.766,-1,5
2805,14.18489,3.764,-1,5
2805,14.18489,3.765,-1,5
2805,14.18489,3.767,-1,5
2805,14.18489,3.767,-1,5
2805,14.18489,3.765,-1,5
2805,14.18489,3.767,-1,5
2805,14.18489,3.768,-1,5
2805,14.18489,3.766,-1,5
2805,14.22255,3.772,-1,5
2805,14.22255,3.766,-1,5
2805,14.22255,3.770,-1,5
2805,14.22255,3.768,-1,5
2805,14.22255,3.769,-1,5
2805,14.22255,3.767,-1,5
2805,14.22255,3.766,-1,5
2805,14.22255,3.770,-1,5
2805,14.22255,3.768,-1,5
2805,14.26023,3.765,-1,5
2805,14.26023,3.765,-1,5
2805,14.26023,3.764,-1,5
2805,14.26023,3.765,-1,5
2805,14.26023,3.764,-1,5
2805,14.26023,3.763,-1,5
2805,14.26023,3.762,-1,5
2805,14.26023,3.764,-1,5
2805,14.26023,3.759,-1,5
2805,14.26023,3.760,-1,5
2805,14.29409,3.759,-1,5
2805,14.29409,3.759,-1,5
2805,14.29409,3.762,-1,5
2805,14.29409,3.757,-1,5
2805,14.29409,3.759,-1,5
2805,14.29409,3.754,-1,5
2805,14.29409,3.757,-1,5
2805,14.29409,3.754,-1,5
2805,14.29409,3.753,-1,5
2805,14.33542,3.755,-1,5
2805,14.33542,3.752,-1,5
2805,14.33542,3.756,-1,5
2805,14.33542,3.750,-1,5
2805,14.33542,3.751,-1,5
2805,14.33542,3.752,-1,5
2805,14.33542,3.753,-1,5
2805,14.33542,3.755,-1,5
2805,14.33542,3.753,-1,5
2805,14.33542,3.753,-1,5
2805,14.37295,3.752,-1,5
2805,14.37295,3.755,-1,5
2805,14.37295,3.753,-1,5
2805,14.37295,3.753,-1,5
2805,14.37295,3.754,-1,5
2805,14.37295,3.756,-1,5
2805,14.37295,3.756,-1,5
2805,14.37295,3.753,-1,5
2805,14.37295,3.753,-1,5
2805,14.41049,3.754,-1,5
2805,14.41049,3.756,-1,5
2805,14.41049,3.755,-1,5
2805,14.41049,3.753,-1,5
2805,14.41049,3.754,-1,5
2805,14.41049,3.752,-1,5
2805,14.41049,3.757,-1,5
2805,14.41049,3.757,-1,5
2805,14.41049,3.753,-1,5
2805,14.41049,3.753,-1,5
2805,14.44803,3.753,-1,5
2805,14.44803,3.755,-1,5
2805,14.44803,3.753,-1,5
2805,14.44803,3.753,-1,5
2805,14.44803,3.749,-1,5
2805,14.44803,3.752,-1,5
2805,14.44803,3.752,-1,5
2805,14.44803,3.750,-1,5
2805,14.44803,3.748,-1,5
2805,14.44803,3.748,-1,5
2805,14.44803,3.749,-1,5
2805,14.48930,3.748,-1,5
2805,14.48930,3.746,-1,5
2805,14.48930,3.742,-1,5
2805,14.48930,3.746,-1,5
2805,14.48930,3.748,-1,5
2805,14.48930,3.743,-1,5
2805,14.48930,3.743,-1,5
2805,14.48930,3.741,-1,5
2805,14.48930,3.742,-1,5
2805,14.52674,3.741,-1,5
2805,14.52674,3.739,-1,5
2805,14.52674,3.736,-1,5
2805,14.52674,3.736,-1,5
2805,14.52674,3.730,-1,5
2805,14.52674,3.729,-1,5
2805,14.52674,3.727,-1,5
2805,14.52674,3.726,-1,5
2805,14.52674,3.726,-1,5
2805,14.52674,3.723,-1,5
2805,14.56776,3.720,-1,5
2805,14.56776,3.719,-1,5
2805,14.56776,3.719,-1,5
2805,14.56776,3.714,-1,5
2805,14.56776,3.715,-1,5
2805,14.56776,3.710,-1,5
2805,14.56776,3.715,-1,5
2805,14.56776,3.706,-1,5
2805,14.56776,3.709,-1,5
2805,14.56776,3.703,-1,5
2805,14.60487,3.701,-1,5
2805,14.60487,3.699,-1,5
2805,14.60487,3.697,-1,5
2805,14.60487,3.691,-1,5
2805,14.60487,3.690,-1,5
2805,14.60487,3.692,-1,5
2805,14.60487,3.686,-1,5
2805,14.60487,3.683,-1,5
2805,14.60487,3.684,-1,5
2805,14.60487,3.678,-1,5
2805,14.60487,3.682,-1,5
2805,14.64546,3.681,-1,5
2805,14.64546,3.676,-1,5
2805,14.64546,3.670,-1,5
2805,14.64546,3.673,-1,5
2805,14.64546,3.670,-1,5
2805,14.64546,3.669,-1,5
2805,14.64546,3.664,-1,5
2805,14.64546,3.660,-1,5
2805,14.64546,3.660,-1,5
2805,14.68580,3.656,-1,5
2805,14.68580,3.649,-1,5
2805,14.68580,3.651,-1,5
2805,14.68580,3.648,-1,5
2805,14.68580,3.646,-1,5
2805,14.68580,3.642,-1,5
2805,14.68580,3.640,-1,5
2805,14.68580,3.637,-1,5
2805,14.68580,3.636,-1,5
2805,14.71857,3.628,-1,5
2805,14.71857,3.629,-1,5
2805,14.71857,3.625,-1,5
2805,14.71857,3.623,-1,5
2805,14.71857,3.619,-1,5
2805,14.71857,3.611,-1,5
2805,14.71857,3.613,-1,5
2805,14.71857,3.609,-1,5
2805,14.71857,3.605,-1,5
2805,14.71857,3.596,-1,5
2805,14.75830,3.593,-1,5
2805,14.75830,3.590,-1,5
2805,14.75830,3.583,-1,5
2805,14.75830,3.581,-1,5
2805,14.75830,3.576,-1,5
2805,14.75830,3.574,-1,5
2805,14.75830,3.570,-1,5
2805,14.75830,3.565,-1,5
2805,14.75830,3.563,-1,5
2805,14.75830,3.560,-1,5
2805,14.79046,3.554,-1,5
2805,14.79046,3.551,-1,6
2805,14.79046,3.548,-1,6
2805,14.79046,3.545,-1,6
2805,14.79046,3.544,-1,6
2805,14.79046,3.538,-1,6
2805,14.79046,3.532,-1,6
2805,14.79046,3.530,-1,6
2805,14.79046,3.525,-1,6
2805,14.82937,3.518,-1,6
2805,14.82937,3.515,-1,6
2805,14.82937,3.517,-1,6
2805,14.82937,3.510,-1,6
2805,14.82937,3.507,-1,6
2805,14.82937,3.505,-1,6
2805,14.82937,3.503,-1,6
2805,14.82937,3.500,-1,6
2805,14.82937,3.497,-1,6
2805,14.82937,3.498,-1,6
2805,14.86093,3.496,-1,6
2805,14.86093,3.493,-1,6
2805,14.86093,3.490,-1,6
2805,14.86093,3.489,-1,6
2805,14.86093,3.487,-1,6
2805,14.86093,3.489,-1,6
2805,14.86093,3.482,-1,6
2805,14.86093,3.485,-1,6
2805,14.86093,3.482,-1,6
2805,14.89929,3.484,-1,6
2805,14.89929,3.480,-1,6
2805,14.89929,3.480,-1,6
2805,14.89929,3.480,-1,6
2805,14.89929,3.480,-1,6
2805,14.89929,3.478,-1,6
2805,14.89929,3.479,-1,6
2805,14.89929,3.481,-1,6
2805,14.89929,3.481,-1,6
2805,14.89929,3.481,-1,6
2805,14.93060,3.483,-1,6
2805,14.93060,3.480,-1,6
2805,14.93060,3.483,-1,6
2805,14.93060,3.484,-1,6
2805,14.93060,3.484,-1,6
2805,14.93060,3.484,-1,6
2805,14.93060,3.483,-1,6
2805,14.93060,3.488,-1,6
2805,14.93060,3.485,-1,6
2805,14.93060,3.485,-1,6
2805,14.96893,3.487,-1,6
2805,14.96893,3.493,-1,6
2805,14.96893,3.491,-1,6
2805,14.96893,3.487,-1,6
2805,14.96893,3.490,-1,6
2805,14.96893,3.494,-1,6
2805,14.96893,3.496,-1,6
2805,14.96893,3.494,-1,6
2805,14.96893,3.493,-1,6
2805,15.00036,3.495,-1,6
2805,15.00036,3.502,-1,6
2805,15.00036,3.499,-1,6
2805,15.00036,3.499,-1,6
2805,15.00036,3.498,-1,6
2805,15.00036,3.505,-1,6
2805,15.00036,3.503,-1,6
2805,15.00036,3.501,-1,6
2805,15.00036,3.503,-1,6
2805,15.00036,3.506,-1,6
2805,15.03887,3.509,-1,6
2805,15.03887,3.503,-1,6
2805,15.03887,3.501,-1,6
2805,15.03887,3.509,-1,6
2805,15.03887,3.506,-1,6
2805,15.03887,3.507,-1,6
2805,15.03887,3.506,-1,6
2805,15.03887,3.507,-1,6
2805,15.03887,3.509,-1,6
2805,15.07043,3.509,-1,6
2805,15.07043,3.508,-1,6
2805,15.07043,3.508,-1,6
2805,15.07043,3.508,-1,6
2805,15.07043,3.510,-1,6
2805,15.07043,3.511,-1,6
2805,15.07043,3.507,-1,6
2805,15.07043,3.512,-1,6
2805,15.07043,3.513,-1,6
2805,15.10903,3.507,-1,6
2805,15.10903,3.508,-1,6
2805,15.10903,3.509,-1,6
2805,15.10903,3.512,-1,6
2805,15.10903,3.510,-1,6
2805,15.10903,3.511,-1,6
2805,15.10903,3.509,-1,6
2805,15.10903,3.511,-1,6
2805,15.10903,3.514,-1,6
2805,15.10903,3.513,-1,6
2805,15.14414,3.511,-1,6
2805,15.14414,3.510,-1,6
2805,15.14414,3.514,-1,6
2805,15.14414,3.518,-1,6
2805,15.14414,3.512,-1,6
2805,15.14414,3.515,-1,6
2805,15.14414,3.511,-1,6
2805,15.14414,3.513,-1,6
2805,15.14414,3.512,-1,6
2805,15.17926,3.510,-1,6
2805,15.17926,3.509,-1,6
2805,15.17926,3.512,-1,6
2805,15.17926,3.509,-1,6
2805,15.17926,3.506,-1,6
2805,15.17926,3.503,-1,6
2805,15.17926,3.505,-1,6
2805,15.17926,3.506,-1,6
2805,15.17926,3.501,-1,6
2805,15.17926,3.505,-1,6
2805,15.21082,3.501,-1,6
2805,15.21082,3.499,-1,6
2805,15.21082,3.499,-1,6
2805,15.21082,3.499,-1,6
2805,15.21082,3.495,-1,6
2805,15.21082,3.496,-1,6
2805,15.21082,3.490,-1,6
2805,15.21082,3.493,-1,6
2805,15.21082,3.489,-1,6
2805,15.24577,3.487,-1,6
2805,15.24577,3.487,-1,6
2805,15.24577,3.481,-1,6
2805,15.24577,3.486,-1,6
2805,15.24577,3.481,-1,6
2805,15.24577,3.479,-1,6
2805,15.24577,3.482,-1,6
2805,15.24577,3.480,-1,6
2805,15.24577,3.480,-1,6
2805,15.27711,3.477,-1,6
2805,15.27711,3.475,-1,6
2805,15.27711,3.480,-1,6
2805,15.27711,3.477,-1,6
2805,15.27711,3.474,-1,6
2805,15.27711,3.477,-1,6
2805,15.27711,3.473,-1,6
2805,15.27711,3.472,-1,6
2805,15.27711,3.471,-1,6
2805,15.27711,3.473,-1,6
2805,15.31534,3.471,-1,6
2805,15.31534,3.474,-1,6
2805,15.31534,3.470,-1,6
2805,15.31534,3.470,-1,6
2805,15.31534,3.467,-1,6
2805,15.31534,3.472,-1,6
2805,15.31534,3.466,-1,6
2805,15.31534,3.469,-1,6
2805,15.31534,3.467,-1,6
2805,15.34657,3.467,-1,6
2805,15.34657,3.469,-1,6
2805,15.34657,3.465,-1,6
2805,15.34657,3.469,-1,6
2805,15.34657,3.466,-1,6
2805,15.34657,3.466,-1,6
2805,15.34657,3.468,-1,6
2805,15.34657,3.461,-1,6
2805,15.34657,3.464,-1,6
2805,15.38470,3.470,-1,6
2805,15.38470,3.461,-1,6
2805,15.38470,3.462,-1,6
2805,15.38470,3.457,-1,6
2805,15.38470,3.464,-1,6
2805,15.38470,3.462,-1,6
2805,15.38470,3.459,-1,6
2805,15.38470,3.459,-1,6
2805,15.38470,3.458,-1,6
2805,15.38470,3.460,-1,6
2805,15.41584,3.460,-1,6
2805,15.41584,3.457,-1,6
2805,15.41584,3.453,-1,6
2805,15.41584,3.454,-1,6
2805,15.41584,3.455,-1,6
2805,15.41584,3.457,-1,6
2805,15.41584,3.453,-1,6
2805,15.41584,3.454,-1,6
2805,15.41584,3.451,-1,6
2805,15.45383,3.449,-1,6
2805,15.45383,3.448,-1,6
2805,15.45383,3.448,-1,6
2805,15.45383,3.449,-1,6
2805,15.45383,3.448,-1,6
2805,15.45383,3.444,-1,6
2805,15.45383,3.445,-1,6
2805,15.45383,3.444,-1,6
2805,15.45383,3.444,-1,6
2805,15.45383,3.442,-1,6
2805,15.48828,3.442,-1,6
2805,15.48828,3.439,-1,6
2805,15.48828,3.445,-1,6
2805,15.48828,3.439,-1,6
2805,15.48828,3.443,-1,6
2805,15.48828,3.438,-1,6
2805,15.48828,3.440,-1,6
2805,15.48828,3.436,-1,6
2805,15.48828,3.432,-1,6
2805,15.48828,3.434,-1,6
2805,15.52267,3.439,-1,6
2805,15.52267,3.430,-1,6
2805,15.52267,3.433,-1,6
2805,15.52267,3.427,-1,6
2805,15.52267,3.434,-1,6
2805,15.52267,3.431,-1,6
2805,15.52267,3.424,-1,6
2805,15.52267,3.428,-1,6
2805,15.52267,3.427,-1,6
2805,15.55697,3.430,-1,6
2805,15.55697,3.426,-1,6
2805,15.55697,3.423,-1,6
2805,15.55697,3.422,-1,6
2805,15.55697,3.425,-1,6
2805,15.55697,3.422,-1,6
2805,15.55697,3.419,-1,6
2805,15.55697,3.420,-1,6
2805,15.55697,3.422,-1,6
2805,15.59119,3.421,-1,6
2805,15.59119,3.413,-1,6
2805,15.59119,3.415,-1,6
2805,15.59119,3.415,-1,6
2805,15.59119,3.413,-1,6
2805,15.59119,3.412,-1,6
2805,15.59119,3.412,-1,6
2805,15.59119,3.408,-1,6
2805,15.59119,3.408,-1,6
2805,15.59119,3.409,-1,6
2805,15.62190,3.407,-1,6
2805,15.62190,3.406,-1,6
2805,15.62190,3.405,-1,7
2805,15.62190,3.408,-1,7
2805,15.62190,3.404,-1,7
2805,15.62190,3.404,-1,7
2805,15.62190,3.403,-1,7
2805,15.62190,3.404,-1,7
2805,15.62190,3.400,-1,7
2805,15.65934,3.395,-1,7
2805,15.65934,3.399,-1,7
2805,15.65934,3.398,-1,7
2805,15.65934,3.395,-1,7
2805,15.65934,3.397,-1,7
2805,15.65934,3.391,-1,7
2805,15.65934,3.390,-1,7
2805,15.65934,3.395,-1,7
2805,15.65934,3.394,-1,7
2805,15.65934,3.387,-1,7
2805,15.68988,3.389,-1,7
2805,15.68988,3.392,-1,7
2805,15.68988,3.394,-1,7
2805,15.68988,3.389,-1,7
2805,15.68988,3.388,-1,7
2805,15.68988,3.394,-1,7
2805,15.68988,3.396,-1,7
2805,15.68988,3.391,-1,7
2805,15.68988,3.396,-1,7
2805,15.72720,3.399,-1,7
2805,15.72720,3.401,-1,7
2805,15.72720,3.396,-1,7
2805,15.72720,3.400,-1,7
2805,15.72720,3.402,-1,7
2805,15.72720,3.409,-1,7
2805,15.72720,3.409,-1,7
2805,15.72720,3.408,-1,7
2805,15.72720,3.411,-1,7
2805,15.72720,3.415,-1,7
2805,15.75786,3.418,-1,7
2805,15.75786,3.416,-1,7
2805,15.75786,3.420,-1,7
2805,15.75786,3.427,-1,7
2805,15.75786,3.428,-1,7
2805,15.75786,3.432,-1,7
2805,15.75786,3.432,-1,7
2805,15.75786,3.438,-1,7
2805,15.75786,3.442,-1,7
2805,15.79560,3.448,-1,7
2805,15.79560,3.445,-1,7
2805,15.79560,3.453,-1,7
2805,15.79560,3.456,-1,7
2805,15.79560,3.461,-1,7
2805,15.79560,3.457,-1,7
2805,15.79560,3.462,-1,7
2805,15.79560,3.465,-1,7
2805,15.79560,3.475,-1,7
2805,15.79560,3.472,-1,7
2805,15.82675,3.468,-1,7
2805,15.82675,3.479,-1,7
2805,15.82675,3.482,-1,7
2805,15.82675,3.484,-1,7
2805,15.82675,3.483,-1,7
2805,15.82675,3.484,-1,7
2805,15.82675,3.492,-1,7
2805,15.82675,3.498,-1,7
2805,15.82675,3.498,-1,7
2805,15.82675,3.500,-1,7
2805,15.86511,3.503,-1,7
2805,15.86511,3.507,-1,7
2805,15.86511,3.505,-1,7
2805,15.86511,3.506,-1,7
2805,15.86511,3.513,-1,7
2805,15.86511,3.514,-1,7
2805,15.86511,3.514,-1,7
2805,15.86511,3.512,-1,7
2805,15.86511,3.516,-1,7
2805,15.89670,3.524,-1,7
2805,15.89670,3.522,-1,7
2805,15.89670,3.520,-1,7
2805,15.89670,3.523,-1,7
2805,15.89670,3.528,-1,7
2805,15.89670,3.532,-1,7
2805,15.89670,3.530,-1,7
2805,15.89670,3.530,-1,7
2805,15.89670,3.538,-1,7
2805,15.89670,3.540,-1,7
2805,15.93552,3.537,-1,7
2805,15.93552,3.539,-1,7
2805,15.93552,3.544,-1,7
2805,15.93552,3.547,-1,7
2805,15.93552,3.548,-1,7
2805,15.93552,3.548,-1,7
2805,15.93552,3.546,-1,7
2805,15.93552,3.552,-1,7
2805,15.93552,3.558,-1,7
2805,15.96744,3.554,-1,7
2805,15.96744,3.556,-1,7
2805,15.96744,3.560,-1,7
2805,15.96744,3.565,-1,7
2805,15.96744,3.564,-1,7
2805,15.96744,3.562,-1,7
2805,15.96744,3.564,-1,7
2805,15.96744,3.571,-1,7
2805,15.96744,3.571,-1,7
2805,15.96744,3.572,-1,7
2805,16.00665,3.573,-1,7
2805,16.00665,3.581,-1,7
2805,16.00665,3.579,-1,7
2805,16.00665,3.578,-1,7
2805,16.00665,3.577,-1,7
2805,16.00665,3.582,-1,7
2805,16.00665,3.583,-1,7
2805,16.00665,3.584,-1,7
2805,16.00665,3.581,-1,7
2805,16.03887,3.584,-1,7
2805,16.03887,3.583,-1,7
2805,16.03887,3.587,-1,7
2805,16.03887,3.585,-1,7
2805,16.03887,3.585,-1,7
2805,16.03887,3.588,-1,7
2805,16.03887,3.586,-1,7
2805,16.03887,3.588,-1,7
2805,16.03887,3.585,-1,7
2805,16.03887,3.587,-1,7
2805,16.07831,3.587,-1,7
2805,16.07831,3.580,-1,7
2805,16.07831,3.584,-1,7
2805,16.07831,3.583,-1,7
2805,16.07831,3.584,-1,7
2805,16.07831,3.578,-1,7
2805,16.07831,3.575,-1,7
2805,16.07831,3.580,-1,7
2805,16.07831,3.579,-1,7
2805,16.07831,3.575,-1,7
2805,16.11412,3.574,-1,7
2805,16.11412,3.573,-1,7
2805,16.11412,3.577,-1,7
2805,16.11412,3.574,-1,7
2805,16.11412,3.572,-1,7
2805,16.11412,3.574,-1,7
2805,16.11412,3.575,-1,7
2805,16.11412,3.574,-1,7
2805,16.11412,3.574,-1,7
2805,16.15343,3.576,-1,7
2805,16.15343,3.576,-1,7
2805,16.15343,3.573,-1,7
2805,16.15343,3.578,-1,7
2805,16.15343,3.576,-1,7
2805,16.15343,3.581,-1,7
2805,16.15343,3.579,-1,7
2805,16.15343,3.580,-1,7
2805,16.15343,3.583,-1,7
2805,16.15343,3.584,-1,7
2805,16.18564,3.586,-1,7
2805,16.18564,3.591,-1,7
2805,16.18564,3.589,-1,7
2805,16.18564,3.594,-1,7
2805,16.18564,3.598,-1,7
2805,16.18564,3.598,-1,7
2805,16.18564,3.603,-1,7
2805,16.18564,3.610,-1,7
2805,16.18564,3.610,-1,7
2805,16.22523,3.611,-1,7
2805,16.22523,3.615,-1,7
2805,16.22523,3.624,-1,7
2805,16.22523,3.621,-1,7
2805,16.22523,3.625,-1,7
2805,16.22523,3.625,-1,7
2805,16.22523,3.631,-1,7
2805,16.22523,3.637,-1,7
2805,16.22523,3.635,-1,7
2805,16.25789,3.638,-1,7
2805,16.25789,3.640,-1,7
2805,16.25789,3.649,-1,7
2805,16.25789,3.649,-1,7
2805,16.25789,3.646,-1,7
2805,16.25789,3.650,-1,7
2805,16.25789,3.655,-1,7
2805,16.25789,3.657,-1,7
2805,16.25789,3.660,-1,7
2805,16.25789,3.655,-1,7
2805,16.29807,3.661,-1,7
2805,16.29807,3.661,-1,7
2805,16.29807,3.660,-1,7
2805,16.29807,3.657,-1,7
2805,16.29807,3.664,-1,7
2805,16.29807,3.663,-1,7
2805,16.29807,3.659,-1,7
2805,16.29807,3.658,-1,7
2805,16.29807,3.659,-1,7
2805,16.29807,3.655,-1,7
2805,16.33100,3.658,-1,7
2805,16.33100,3.653,-1,7
2805,16.33100,3.658,-1,7
2805,16.33100,3.656,-1,7
2805,16.33100,3.653,-1,7
2805,16.33100,3.649,-1,7
2805,16.33100,3.650,-1,7
2805,16.33100,3.649,-1,7
2805,16.33100,3.643,-1,7
2805,16.37116,3.641,-1,7
2805,16.37116,3.644,-1,7
2805,16.37116,3.645,-1,7
2805,16.37116,3.638,-1,7
2805,16.37116,3.633,-1,7
2805,16.37116,3.638,-1,7
2805,16.37116,3.637,-1,7
2805,16.37116,3.635,-1,7
2805,16.37116,3.632,-1,7
2805,16.37116,3.631,-1,7
2805,16.40753,3.633,-1,7
2805,16.40753,3.631,-1,7
2805,16.40753,3.628,-1,7
2805,16.40753,3.632,-1,7
2805,16.40753,3.631,-1,7
2805,16.40753,3.628,-1,7
2805,16.40753,3.630,-1,7
2805,16.40753,3.630,-1,7
2805,16.40753,3.630,-1,7
2805,16.40753,3.632,-1,7
2805,16.44383,3.631,-1,7
2805,16.44383,3.631,-1,7
2805,16.44383,3.633,-1,8
2805,16.44383,3.634,-1,8
2805,16.44383,3.632,-1,8
2805,16.44383,3.637,-1,8
2805,16.44383,3.637,-1,8
2805,16.44383,3.640,-1,8
2805,16.44383,3.639,-1,8
2805,16.48019,3.639,-1,8
2805,16.48019,3.646,-1,8
2805,16.48019,3.647,-1,8
2805,16.48019,3.651,-1,8
2805,16.48019,3.651,-1,8
2805,16.48019,3.651,-1,8
2805,16.48019,3.658,-1,8
2805,16.48019,3.657,-1,8
2805,16.48019,3.663,-1,8
2805,16.51674,3.668,-1,8
2805,16.51674,3.671,-1,8
2805,16.51674,3.669,-1,8
2805,16.51674,3.669,-1,8
2805,16.51674,3.678,-1,8
2805,16.51674,3.679,-1,8
2805,16.51674,3.679,-1,8
2805,16.51674,3.681,-1,8
2805,16.51674,3.683,-1,8
2805,16.51674,3.689,-1,8
2805,16.54984,3.690,-1,8
2805,16.54984,3.686,-1,8
2805,16.54984,3.693,-1,8
2805,16.54984,3.691,-1,8
2805,16.54984,3.695,-1,8
2805,16.54984,3.696,-1,8
2805,16.54984,3.694,-1,8
2805,16.54984,3.695,-1,8
2805,16.54984,3.693,-1,8
2805,16.59046,3.696,-1,8
2805,16.59046,3.694,-1,8
2805,16.59046,3.695,-1,8
2805,16.59046,3.695,-1,8
2805,16.59046,3.693,-1,8
2805,16.59046,3.691,-1,8
2805,16.59046,3.691,-1,8
2805,16.59046,3.692,-1,8
2805,16.59046,3.693,-1,8
2805,16.59046,3.690,-1,8
2805,16.62739,3.691,-1,8
2805,16.62739,3.693,-1,8
2805,16.62739,3.688,-1,8
2805,16.62739,3.688,-1,8
2805,16.62739,3.690,-1,8
2805,16.62739,3.688,-1,8
2805,16.62739,3.685,-1,8
2805,16.62739,3.686,-1,8
2805,16.62739,3.687,-1,8
2805,16.62739,3.684,-1,8
2805,16.66426,3.679,-1,8
2805,16.66426,3.686,-1,8
2805,16.66426,3.684,-1,8
2805,16.66426,3.682,-1,8
2805,16.66426,3.682,-1,8
2805,16.66426,3.681,-1,8
2805,16.66426,3.682,-1,8
2805,16.66426,3.685,-1,8
2805,16.66426,3.679,-1,8
2805,16.70109,3.681,-1,8
2805,16.70109,3.684,-1,8
2805,16.70109,3.685,-1,8
2805,16.70109,3.682,-1,8
2805,16.70109,3.682,-1,8
2805,16.70109,3.686,-1,8
2805,16.70109,3.686,-1,8
2805,16.70109,3.687,-1,8
2805,16.70109,3.686,-1,8
2805,16.70109,3.694,-1,8
2805,16.73794,3.690,-1,8
2805,16.73794,3.687,-1,8
2805,16.73794,3.694,-1,8
2805,16.73794,3.690,-1,8
2805,16.73794,3.696,-1,8
2805,16.73794,3.693,-1,8
2805,16.73794,3.695,-1,8
2805,16.73794,3.701,-1,8
2805,16.73794,3.700,-1,8
2805,16.77489,3.701,-1,8
2805,16.77489,3.702,-1,8
2805,16.77489,3.702,-1,8
2805,16.77489,3.708,-1,8
2805,16.77489,3.704,-1,8
2805,16.77489,3.704,-1,8
2805,16.77489,3.709,-1,8
2805,16.77489,3.711,-1,8
2805,16.77489,3.705,-1,8
2805,16.77489,3.711,-1,8
2805,16.81566,3.710,-1,8
2805,16.81566,3.711,-1,8
2805,16.81566,3.709,-1,8
2805,16.81566,3.709,-1,8
2805,16.81566,3.710,-1,8
2805,16.81566,3.710,-1,8
2805,16.81566,3.708,-1,8
2805,16.81566,3.706,-1,8
2805,16.81566,3.707,-1,8
2805,16.81566,3.706,-1,8
2805,16.84904,3.704,-1,8
2805,16.84904,3.698,-1,8
2805,16.84904,3.699,-1,8
2805,16.84904,3.700,-1,8
2805,16.84904,3.692,-1,8
2805,16.84904,3.688,-1,8
2805,16.84904,3.686,-1,8
2805,16.84904,3.681,-1,8
2805,16.84904,3.677,-1,8
2805,16.88962,3.671,-1,8
2805,16.88962,3.665,-1,8
2805,16.88962,3.666,-1,8
2805,16.88962,3.662,-1,8
2805,16.88962,3.653,-1,8
2805,16.88962,3.652,-1,8
2805,16.88962,3.650,-1,8
2805,16.88962,3.644,-1,8
2805,16.88962,3.636,-1,8
2805,16.88962,3.632,-1,8
2805,16.92248,3.631,-1,8
2805,16.92248,3.624,-1,8
2805,16.92248,3.616,-1,8
2805,16.92248,3.615,-1,8
2805,16.92248,3.609,-1,8
2805,16.92248,3.605,-1,8
2805,16.92248,3.591,-1,8
2805,16.92248,3.589,-1,8
2805,16.92248,3.585,-1,8
2805,16.96211,3.577,-1,8
2805,16.96211,3.572,-1,8
2805,16.96211,3.567,-1,8
2805,16.96211,3.563,-1,8
2805,16.96211,3.560,-1,8
2805,16.96211,3.554,-1,8
2805,16.96211,3.550,-1,8
2805,16.96211,3.545,-1,8
2805,16.96211,3.539,-1,8
2805,16.96211,3.535,-1,8
2805,16.99763,3.530,-1,8
2805,16.99763,3.529,-1,8
2805,16.99763,3.524,-1,8
2805,16.99763,3.513,-1,8
2805,16.99763,3.514,-1,8
2805,16.99763,3.510,-1,8
2805,16.99763,3.508,-1,8
2805,16.99763,3.497,-1,8
2805,16.99763,3.496,-1,8
2805,17.03271,3.489,-1,8
2805,17.03271,3.486,-1,8
2805,17.03271,3.484,-1,8
2805,17.03271,3.481,-1,8
2805,17.03271,3.477,-1,8
2805,17.03271,3.475,-1,8
2805,17.03271,3.473,-1,8
2805,17.03271,3.470,-1,8
2805,17.03271,3.468,-1,8
2805,17.03271,3.467,-1,8
2805,17.06399,3.465,-1,8
2805,17.06399,3.459,-1,8
2805,17.06399,3.455,-1,8
2805,17.06399,3.460,-1,8
2805,17.06399,3.455,-1,8
2805,17.06399,3.450,-1,8
2805,17.06399,3.443,-1,8
2805,17.06399,3.446,-1,8
2805,17.06399,3.442,-1,8
2805,17.10194,3.429,-1,8
2805,17.10194,3.429,-1,8
2805,17.10194,3.432,-1,8
2805,17.10194,3.423,-1,8
2805,17.10194,3.423,-1,8
2805,17.10194,3.413,-1,8
2805,17.10194,3.411,-1,8
2805,17.10194,3.413,-1,8
2805,17.10194,3.404,-1,8
2805,17.10194,3.394,-1,8
2805,17.13268,3.395,-1,8
2805,17.13268,3.388,-1,8
2805,17.13268,3.386,-1,8
2805,17.13268,3.373,-1,8
2805,17.13268,3.364,-1,8
2805,17.13268,3.366,-1,8
2805,17.13268,3.350,-1,8
2805,17.13268,3.341,-1,8
2805,17.13268,3.334,-1,8
2805,17.16967,3.331,-1,8
2805,17.16967,3.325,-1,8
2805,17.16967,3.312,-1,8
2805,17.16967,3.305,-1,8
2805,17.16967,3.301,-1,8
2805,17.16967,3.295,-1,8
2805,17.16967,3.290,-1,8
2805,17.16967,3.278,-1,8
2805,17.16967,3.268,-1,8
2805,17.16967,3.265,-1,8
2805,17.20257,3.257,-1,8
2805,17.20257,3.247,-1,8
2805,17.20257,3.241,-1,8
2805,17.20257,3.232,-1,8
2805,17.20257,3.219,-1,8
2805,17.20257,3.212,-1,8
2805,17.20257,3.197,-1,8
2805,17.20257,3.197,-1,8
2805,17.20257,3.185,-1,8
2805,17.23470,3.179,-1,8
2805,17.23470,3.171,-1,8
2805,17.23470,3.165,-1,8
2805,17.23470,3.153,-1,8
2805,17.23470,3.153,-1,8
2805,17.23470,3.143,-1,8
2805,17.23470,3.134,-1,8
2805,17.23470,3.131,-1,8
2805,17.23470,3.124,-1,8
2805,17.23470,3.115,-1,8
2805,17.26299,3.113,-1,8
2805,17.26299,3.105,-1,8
2805,17.26299,3.094,-1,8
2805,17.26299,3.094,-1,8
2805,17.26299,3.089,-1,8
2805,17.26299,3.077,-1,8
2805,17.26299,3.071,-1,8
2805,17.26299,3.062,-1,8
2805,17.26299,3.060,-1,8
2805,17.29383,3.051,-1,8
2805,17.29383,3.047,-1,9
2805,17.29383,3.043,-1,9
2805,17.29383,3.036,-1,9
2805,17.29383,3.027,-1,9
2805,17.29383,3.027,-1,9
2805,17.29383,3.023,-1,9
2805,17.29383,3.016,-1,9
2805,17.29383,3.012,-1,9
2805,17.32111,3.007,-1,9
2805,17.32111,3.003,-1,9
2805,17.32111,3.001,-1,9
2805,17.32111,2.997,-1,9
2805,17.32111,2.991,-1,9
2805,17.32111,2.990,-1,9
2805,17.32111,2.984,-1,9
2805,17.32111,2.977,-1,9
2805,17.32111,2.978,-1,9
2805,17.35400,2.974,-1,9
2805,17.35400,2.967,-1,9
2805,17.35400,2.968,-1,9
2805,17.35400,2.969,-1,9
2805,17.35400,2.961,-1,9
2805,17.35400,2.960,-1,9
2805,17.35400,2.957,-1,9
2805,17.35400,2.953,-1,9
2805,17.35400,2.957,-1,9
2805,17.35400,2.953,-1,9
2805,17.38065,2.948,-1,9
2805,17.38065,2.948,-1,9
2805,17.38065,2.950,-1,9
2805,17.38065,2.946,-1,9
2805,17.38065,2.945,-1,9
2805,17.38065,2.944,-1,9
2805,17.38065,2.944,-1,9
2805,17.38065,2.944,-1,9
2805,17.38065,2.942,-1,9
2805,17.41304,2.939,-1,9
2805,17.41304,2.944,-1,9
2805,17.41304,2.944,-1,9
2805,17.41304,2.939,-1,9
2805,17.41304,2.942,-1,9
2805,17.41304,2.946,-1,9
2805,17.41304,2.942,-1,9
2805,17.41304,2.944,-1,9
2805,17.41304,2.945,-1,9
2805,17.41304,2.946,-1,9
2805,17.43953,2.946,-1,9
2805,17.43953,2.950,-1,9
2805,17.43953,2.948,-1,9
2805,17.43953,2.946,-1,9
2805,17.43953,2.955,-1,9
2805,17.43953,2.951,-1,9
2805,17.43953,2.956,-1,9
2805,17.43953,2.961,-1,9
2805,17.43953,2.956,-1,9
2805,17.46906,2.964,-1,9
2805,17.46906,2.966,-1,9
2805,17.46906,2.964,-1,9
2805,17.46906,2.969,-1,9
2805,17.46906,2.968,-1,9
2805,17.46906,2.973,-1,9
2805,17.46906,2.975,-1,9
2805,17.46906,2.974,-1,9
2805,17.46906,2.977,-1,9
2805,17.49876,2.978,-1,9
2805,17.49876,2.984,-1,9
2805,17.49876,2.984,-1,9
2805,17.49876,2.980,-1,9
2805,17.49876,2.987,-1,9
2805,17.49876,2.990,-1,9
2805,17.49876,2.993,-1,9
2805,17.49876,2.992,-1,9
2805,17.49876,2.992,-1,9
2805,17.52865,2.999,-1,9
2805,17.52865,2.995,-1,9
2805,17.52865,3.000,-1,9
2805,17.52865,3.000,-1,9
2805,17.52865,3.004,-1,9
2805,17.52865,3.001,-1,9
2805,17.52865,3.004,-1,9
2805,17.52865,3.007,-1,9
2805,17.52865,3.006,-1,9
2805,17.52865,3.007,-1,9
2805,17.52865,3.012,-1,9
2805,17.55869,3.012,-1,9
2805,17.55869,3.009,-1,9
2805,17.55869,3.017,-1,9
2805,17.55869,3.013,-1,9
2805,17.55869,3.019,-1,9
2805,17.55869,3.020,-1,9
2805,17.55869,3.015,-1,9
2805,17.55869,3.020,-1,9
2805,17.58885,3.020,-1,9
2805,17.58885,3.019,-1,9
2805,17.58885,3.023,-1,9
2805,17.58885,3.021,-1,9
2805,17.58885,3.020,-1,9
2805,17.58885,3.026,-1,9
2805,17.58885,3.026,-1,9
2805,17.58885,3.022,-1,9
2805,17.58885,3.028,-1,9
2805,17.58885,3.026,-1,9
2805,17.58885,3.027,-1,9
2805,17.61908,3.027,-1,9
2805,17.61908,3.028,-1,9
2805,17.61908,3.029,-1,9
2805,17.61908,3.026,-1,9
2805,17.61908,3.029,-1,9
2805,17.61908,3.028,-1,9
2805,17.61908,3.032,-1,9
2805,17.61908,3.030,-1,9
2805,17.61908,3.026,-1,9
2805,17.64937,3.031,-1,9
2805,17.64937,3.032,-1,9
2805,17.64937,3.028,-1,9
2805,17.64937,3.030,-1,9
2805,17.64937,3.030,-1,9
2805,17.64937,3.025,-1,9
2805,17.64937,3.033,-1,9
2805,17.64937,3.031,-1,9
2805,17.64937,3.028,-1,9
2805,17.67663,3.029,-1,9
2805,17.67663,3.029,-1,9
2805,17.67663,3.027,-1,9
2805,17.67663,3.033,-1,9
2805,17.67663,3.029,-1,9
2805,17.67663,3.028,-1,9
2805,17.67663,3.032,-1,9
2805,17.67663,3.026,-1,9
2805,17.67663,3.027,-1,9
2805,17.70995,3.028,-1,9
2805,17.70995,3.028,-1,9
2805,17.70995,3.026,-1,9
2805,17.70995,3.027,-1,9
2805,17.70995,3.025,-1,9
2805,17.70995,3.024,-1,9
2805,17.70995,3.026,-1,9
2805,17.70995,3.025,-1,9
2805,17.70995,3.023,-1,9
2805,17.70995,3.023,-1,9
2805,17.73718,3.023,-1,9
2805,17.73718,3.019,-1,9
2805,17.73718,3.025,-1,9
2805,17.73718,3.019,-1,9
2805,17.73718,3.014,-1,9
2805,17.73718,3.023,-1,9
2805,17.73718,3.016,-1,9
2805,17.73718,3.017,-1,9
2805,17.73718,3.015,-1,9
2805,17.77039,3.015,-1,9
2805,17.77039,3.014,-1,9
2805,17.77039,3.010,-1,9
2805,17.77039,3.011,-1,9
2805,17.77039,3.010,-1,9
2805,17.77039,3.011,-1,9
2805,17.77039,3.005,-1,9
2805,17.77039,3.004,-1,9
2805,17.77039,3.006,-1,9
2805,17.77039,3.003,-1,9
2805,17.79746,2.998,-1,9
2805,17.79746,3.000,-1,9
2805,17.79746,2.996,-1,9
2805,17.79746,2.992,-1,9
2805,17.79746,2.995,-1,9
2805,17.79746,2.988,-1,9
2805,17.79746,2.987,-1,9
2805,17.79746,2.986,-1,9
2805,17.79746,2.981,-1,9
2805,17.83036,2.984,-1,9
2805,17.83036,2.979,-1,9
2805,17.83036,2.973,-1,9
2805,17.83036,2.974,-1,9
2805,17.83036,2.975,-1,9
2805,17.83036,2.968,-1,9
2805,17.83036,2.965,-1,9
2805,17.83036,2.968,-1,9
2805,17.83036,2.962,-1,9
2805,17.83036,2.959,-1,9
2805,17.85708,2.958,-1,9
2805,17.85708,2.953,-1,9
2805,17.85708,2.952,-1,9
2805,17.85708,2.952,-1,9
2805,17.85708,2.945,-1,9
2805,17.85708,2.944,-1,9
2805,17.85708,2.940,-1,9
2805,17.85708,2.936,-1,9
2805,17.85708,2.937,-1,9
2805,17.88948,2.933,-1,9
2805,17.88948,2.932,-1,9
2805,17.88948,2.928,-1,9
2805,17.88948,2.929,-1,9
2805,17.88948,2.924,-1,9
2805,17.88948,2.920,-1,9
2805,17.88948,2.924,-1,9
2805,17.88948,2.918,-1,9
2805,17.88948,2.917,-1,9
2805,17.91578,2.914,-1,9
2805,17.91578,2.910,-1,9
2805,17.91578,2.906,-1,9
2805,17.91578,2.909,-1,9
2805,17.91578,2.899,-1,9
2805,17.91578,2.896,-1,9
2805,17.91578,2.897,-1,9
2805,17.91578,2.893,-1,9
2805,17.91578,2.888,-1,9
2805,17.91578,2.887,-1,9
2805,17.94477,2.885,-1,9
2805,17.94477,2.877,-1,9
2805,17.94477,2.884,-1,9
2805,17.94477,2.875,-1,9
2805,17.94477,2.870,-1,9
2805,17.94477,2.874,-1,9
2805,17.94477,2.868,-1,9
2805,17.94477,2.865,-1,9
2805,17.94477,2.861,-1,9
2805,17.94477,2.862,-1,9
2805,17.97349,2.859,-1,9
2805,17.97349,2.850,-1,9
2805,17.97349,2.854,-1,9
2805,17.97349,2.851,-1,9
2805,17.97349,2.841,-1,9
2805,17.97349,2.839,-1,9
2805,17.97349,2.832,-1,9
2805,17.97349,2.834,-1,9
2805,18.00193,2.835,-1,9
2805,18.00193,2.825,-1,9
2805,18.00193,2.822,-1,9
2805,18.00193,2.822,-1,9
2805,18.00193,2.819,-1,9
2805,18.00193,2.813,-1,9
2805,18.00193,2.814,-1,9
2805,18.00193,2.810,-1,9
2805,18.00193,2.805,-1,9
2805,18.00193,2.804,-1,9
2805,18.02727,2.804,-1,9
2805,18.02727,2.799,-1,9
2805,18.02727,2.796,-1,9
2805,18.02727,2.802,-1,9
2805,18.02727,2.795,-1,9
2805,18.02727,2.793,-1,9
2805,18.02727,2.789,-1,9
2805,18.02727,2.791,-1,9
2805,18.02727,2.786,-1,9
2805,18.05800,2.785,-1,9
2805,18.05800,2.786,-1,9
2805,18.05800,2.783,-1,9
2805,18.05800,2.786,-1,9
2805,18.05800,2.784,-1,9
2805,18.05800,2.779,-1,9
2805,18.05800,2.783,-1,9
2805,18.05800,2.784,-1,9
2805,18.05800,2.779,-1,9
2805,18.05800,2.778,-1,9
2805,18.05800,2.786,-1,9
2805,18.08582,2.783,-1,9
2805,18.08582,2.777,-1,9
2805,18.08582,2.786,-1,9
2805,18.08582,2.784,-1,9
2805,18.08582,2.785,-1,9
2805,18.08582,2.786,-1,9
2805,18.08582,2.787,-1,9
2805,18.08582,2.787,-1,9
2805,18.08582,2.790,-1,9
2805,18.11368,2.791,-1,9
2805,18.11368,2.788,-1,10
2805,18.11368,2.796,-1,10
2805,18.11368,2.796,-1,10
2805,18.11368,2.792,-1,10
2805,18.11368,2.794,-1,10
2805,18.11368,2.800,-1,10
2805,18.11368,2.799,-1,10
2805,18.11368,2.794,-1,10
2805,18.14163,2.803,-1,10
2805,18.14163,2.801,-1,10
2805,18.14163,2.800,-1,10
2805,18.14163,2.803,-1,10
2805,18.14163,2.800,-1,10
2805,18.14163,2.803,-1,10
2805,18.14163,2.807,-1,10
2805,18.14163,2.804,-1,10
2805,18.14163,2.802,-1,10
2805,18.16967,2.810,-1,10
2805,18.16967,2.806,-1,10
2805,18.16967,2.801,-1,10
2805,18.16967,2.807,-1,10
2805,18.16967,2.807,-1,10
2805,18.16967,2.806,-1,10
2805,18.16967,2.803,-1,10
2805,18.16967,2.803,-1,10
2805,18.16967,2.802,-1,10
2805,18.16967,2.804,-1,10
2805,18.19490,2.804,-1,10
2805,18.19490,2.798,-1,10
2805,18.19490,2.799,-1,10
2805,18.19490,2.799,-1,10
2805,18.19490,2.796,-1,10
2805,18.19490,2.795,-1,10
2805,18.19490,2.795,-1,10
2805,18.19490,2.790,-1,10
2805,18.19490,2.783,-1,10
2805,18.19490,2.786,-1,10
2805,18.22564,2.786,-1,10
2805,18.22564,2.778,-1,10
2805,18.22564,2.774,-1,10
2805,18.22564,2.778,-1,10
2805,18.22564,2.771,-1,10
2805,18.22564,2.765,-1,10
2805,18.22564,2.768,-1,10
2805,18.22564,2.764,-1,10
2805,18.22564,2.761,-1,10
2805,18.25334,2.760,-1,10
2805,18.25334,2.755,-1,10
2805,18.25334,2.753,-1,10
2805,18.25334,2.750,-1,10
2805,18.25334,2.743,-1,10
2805,18.25334,2.735,-1,10
2805,18.25334,2.739,-1,10
2805,18.25334,2.736,-1,10
2805,18.25334,2.730,-1,10
2805,18.28075,2.725,-1,10
2805,18.28075,2.730,-1,10
2805,18.28075,2.723,-1,10
2805,18.28075,2.719,-1,10
2805,18.28075,2.718,-1,10
2805,18.28075,2.716,-1,10
2805,18.28075,2.714,-1,10
2805,18.28075,2.709,-1,10
2805,18.28075,2.710,-1,10
2805,18.28075,2.710,-1,10
2805,18.30520,2.701,-1,10
2805,18.30520,2.707,-1,10
2805,18.30520,2.702,-1,10
2805,18.30520,2.698,-1,10
2805,18.30520,2.699,-1,10
2805,18.30520,2.696,-1,10
2805,18.30520,2.691,-1,10
2805,18.30520,2.699,-1,10
2805,18.30520,2.695,-1,10
2805,18.33220,2.694,-1,10
2805,18.33220,2.690,-1,10
2805,18.33220,2.693,-1,10
2805,18.33220,2.692,-1,10
2805,18.33220,2.689,-1,10
2805,18.33220,2.692,-1,10
2805,18.33220,2.692,-1,10
2805,18.33220,2.689,-1,10
2805,18.33220,2.689,-1,10
2805,18.33220,2.694,-1,10
2805,18.35911,2.690,-1,10
2805,18.35911,2.685,-1,10
2805,18.35911,2.695,-1,10
2805,18.35911,2.693,-1,10
2805,18.35911,2.688,-1,10
2805,18.35911,2.695,-1,10
2805,18.35911,2.696,-1,10
2805,18.35911,2.692,-1,10
2805,18.35911,2.696,-1,10
2805,18.38603,2.697,-1,10
2805,18.38603,2.700,-1,10
2805,18.38603,2.698,-1,10
2805,18.38603,2.702,-1,10
2805,18.38603,2.704,-1,10
2805,18.38603,2.700,-1,10
2805,18.38603,2.710,-1,10
2805,18.38603,2.709,-1,10
2805,18.38603,2.706,-1,10
2805,18.41307,2.713,-1,10
2805,18.41307,2.718,-1,10
2805,18.41307,2.715,-1,10
2805,18.41307,2.714,-1,10
2805,18.41307,2.727,-1,10
2805,18.41307,2.725,-1,10
2805,18.41307,2.726,-1,10
2805,18.41307,2.731,-1,10
2805,18.41307,2.733,-1,10
2805,18.44031,2.732,-1,10
2805,18.44031,2.740,-1,10
2805,18.44031,2.739,-1,10
2805,18.44031,2.739,-1,10
2805,18.44031,2.744,-1,10
2805,18.44031,2.748,-1,10
2805,18.44031,2.744,-1,10
2805,18.44031,2.743,-1,10
2805,18.44031,2.756,-1,10
2805,18.44031,2.752,-1,10
2805,18.46502,2.750,-1,10
2805,18.46502,2.757,-1,10
2805,18.46502,2.758,-1,10
2805,18.46502,2.758,-1,10
2805,18.46502,2.757,-1,10
2805,18.46502,2.761,-1,10
2805,18.46502,2.763,-1,10
2805,18.46502,2.765,-1,10
2805,18.46502,2.764,-1,10
2805,18.46502,2.765,-1,10
2805,18.49537,2.765,-1,10
2805,18.49537,2.766,-1,10
2805,18.49537,2.766,-1,10
2805,18.49537,2.763,-1,10
2805,18.49537,2.770,-1,10
2805,18.49537,2.765,-1,10
2805,18.49537,2.760,-1,10
2805,18.49537,2.764,-1,10
2805,18.49537,2.768,-1,10
2805,18.52026,2.765,-1,10
2805,18.52026,2.759,-1,10
2805,18.52026,2.758,-1,10
2805,18.52026,2.759,-1,10
2805,18.52026,2.757,-1,10
2805,18.52026,2.760,-1,10
2805,18.52026,2.736,-1,10
2805,18.52026,2.740,-1,10
2805,18.52026,2.753,-1,10
2805,18.55054,2.744,-1,10
2805,18.55054,2.724,-1,10
2805,18.55054,2.726,-1,10
2805,18.55054,2.729,-1,10
2805,18.55054,2.735,-1,10
2805,18.55054,2.729,-1,10
2805,18.55054,2.718,-1,10
2805,18.55054,2.711,-1,10
2805,18.55054,2.715,-1,10
2805,18.55054,2.727,-1,10
2805,18.57777,2.716,-1,10
2805,18.57777,2.702,-1,10
2805,18.57777,2.703,-1,10
2805,18.57777,2.709,-1,10
2805,18.57777,2.707,-1,10
2805,18.57777,2.695,-1,10
2805,18.57777,2.698,-1,10
2805,18.57777,2.693,-1,10
2805,18.57777,2.691,-1,10
2805,18.57777,2.685,-1,10
2805,18.60474,2.678,-1,10
2805,18.60474,2.675,-1,10
2805,18.60474,2.680,-1,10
2805,18.60474,2.669,-1,10
2805,18.60474,2.667,-1,10
2805,18.60474,2.666,-1,10
2805,18.60474,2.661,-1,10
2805,18.60474,2.657,-1,10
2805,18.60474,2.649,-1,10
2805,18.60474,2.654,-1,10
2805,18.63140,2.653,-1,10
2805,18.63140,2.640,-1,10
2805,18.63140,2.636,-1,10
2805,18.63140,2.641,-1,10
2805,18.63140,2.635,-1,10
2805,18.63140,2.625,-1,10
2805,18.63140,2.628,-1,10
2805,18.63140,2.615,-1,10
2805,18.63140,2.611,-1,10
2805,18.65770,2.612,-1,10
2805,18.65770,2.602,-1,10
2805,18.65770,2.595,-1,10
2805,18.65770,2.594,-1,10
2805,18.65770,2.589,-1,10
2805,18.65770,2.586,-1,10
2805,18.65770,2.570,-1,10
2805,18.65770,2.574,-1,10
2805,18.65770,2.569,-1,10
2805,18.65770,2.559,-1,10
2805,18.68356,2.549,-1,10
2805,18.68356,2.552,-1,10
2805,18.68356,2.544,-1,10
2805,18.68356,2.529,-1,10
2805,18.68356,2.531,-1,10
2805,18.68356,2.529,-1,10
2805,18.68356,2.517,-1,10
2805,18.68356,2.511,-1,10
2805,18.68356,2.501,-1,10
2805,18.71131,2.489,-1,10
2805,18.71131,2.477,-1,10
2805,18.71131,2.480,-1,10
2805,18.71131,2.472,-1,10
2805,18.71131,2.460,-1,10
2805,18.71131,2.451,-1,10
2805,18.71131,2.451,-1,10
2805,18.71131,2.443,-1,10
2805,18.71131,2.430,-1,10
2805,18.71131,2.422,-1,10
2805,18.73340,2.421,-1,10
2805,18.73340,2.412,-1,10
2805,18.73340,2.396,-1,10
2805,18.73340,2.392,-1,10
2805,18.73340,2.391,-1,10
2805,18.73340,2.377,-1,10
2805,18.73340,2.366,-1,10
2805,18.73340,2.358,-1,10
2805,18.73340,2.345,-1,10
2805,18.75954,2.329,-1,10
2805,18.75954,2.335,-1,10
2805,18.75954,2.326,-1,10
2805,18.75954,2.310,-1,10
2805,18.75954,2.300,-1,10
2805,18.75954,2.298,-1,10
2805,18.75954,2.297,-1,10
2805,18.75954,2.283,-1,10
2805,18.75954,2.268,-1,10
2805,18.75954,2.263,-1,10
2805,18.78022,2.271,-1,10
2805,18.78022,2.255,-1,10
2805,18.78022,2.240,-1,10
2805,18.78022,2.231,-1,10
2805,18.78022,2.242,-1,10
2805,18.78022,2.229,-1,10
2805,18.78022,2.209,-1,10
2805,18.78022,2.198,-1,10
2805,18.78022,2.204,-1,10
2805,18.80470,2.181,-1,10
2805,18.80470,2.170,-1,10
2805,18.80470,2.181,-1,10
2805,18.80470,2.182,-1,10
2805,18.80470,2.157,-1,10
2805,18.80470,2.146,-1,10
2805,18.80470,2.149,-1,10
2805,18.80470,2.161,-1,10
2805,18.80470,2.137,-1,10
2805,18.80470,2.120,-1,10
2805,18.82621,2.116,-1,10
2805,18.82621,2.136,-1,10
2805,18.82621,2.124,-1,10
2805,18.82621,2.096,-1,10
2805,18.82621,2.087,-1,10
2805,18.82621,2.109,-1,10
2805,18.82621,2.115,-1,10
2805,18.82621,2.061,-1,10
2805,18.82621,2.074,-1,10
2805,18.82621,2.096,-1,10
2805,18.84719,2.066,-1,10
2805,18.84719,2.033,-1,10
2805,18.84719,2.040,-1,10
2805,18.84719,2.064,-1,10
2805,18.84719,2.059,-1,10
2805,18.84719,2.011,-1,10
2805,18.84719,2.005,-1,10
2805,18.84719,2.028,-1,10
2805,18.84719,2.040,-1,10
2805,18.86553,2.007,-1,10
2805,18.86553,1.974,-1,10
2805,18.86553,1.991,-1,10
2805,18.86553,2.009,-1,10
2805,18.86553,1.998,-1,10
2805,18.86553,1.958,-1,10
2805,18.86553,1.948,-1,10
2805,18.86553,1.976,-1,10
2805,18.86553,1.952,-1,10
2805,18.88723,1.914,-1,10
2805,18.88723,1.932,-1,10
2805,18.88723,1.955,-1,10
2805,18.88723,1.938,-1,10
2805,18.88723,1.900,-1,10
2805,18.88723,1.887,-1,10
2805,18.88723,1.921,-1,10
2805,18.88723,1.923,-1,10
2805,18.88723,1.882,-1,10
2805,18.88723,1.861,-1,10
2805,18.90443,1.876,-1,10
2805,18.90443,1.895,-1,10
2805,18.90443,1.868,-1,10
2805,18.90443,1.832,-1,10
2805,18.90443,1.843,-1,10
2805,18.90443,1.858,-1,10
2805,18.90443,1.850,-1,10
2805,18.90443,1.814,-1,10
2805,18.90443,1.835,-1,10
2805,18.90443,1.825,-1,10
2805,18.92473,1.793,-1,10
2805,18.92473,1.780,-1,10
2805,18.92473,1.793,-1,10
2805,18.92473,1.811,-1,10
2805,18.92473,1.778,-1,10
2805,18.92473,1.743,-1,10
2805,18.92473,1.763,-1,10
2805,18.92473,1.778,-1,10
2805,18.92473,1.767,-1,10
2805,18.94247,1.730,-1,10
2805,18.94247,1.714,-1,10
2805,18.94247,1.750,-1,11
2805,18.94247,1.754,-1,11
2805,18.94247,1.714,-1,11
2805,18.94247,1.695,-1,11
2805,18.94247,1.706,-1,11
2805,18.94247,1.729,-1,11
2805,18.94247,1.712,-1,11
2805,18.94247,1.675,-1,11
2805,18.96128,1.704,-1,11
2805,18.96128,1.689,-1,11
2805,18.96128,1.656,-1,11
2805,18.96128,1.640,-1,11
2805,18.96128,1.662,-1,11
2805,18.96128,1.685,-1,11
2805,18.96128,1.645,-1,11
2805,18.96128,1.607,-1,11
2805,18.96128,1.627,-1,11
2805,18.97615,1.654,-1,11
2805,18.97615,1.642,-1,11
2805,18.97615,1.608,-1,11
2805,18.97615,1.584,-1,11
2805,18.97615,1.613,-1,11
2805,18.97615,1.636,-1,11
2805,18.97615,1.598,-1,11
2805,18.97615,1.569,-1,11
2805,18.97615,1.597,-1,11
2805,18.97615,1.587,-1,11
2805,18.99216,1.562,-1,11
2805,18.99216,1.547,-1,11
2805,18.99216,1.567,-1,11
2805,18.99216,1.571,-1,11
2805,18.99216,1.538,-1,11
2805,18.99216,1.523,-1,11
2805,18.99216,1.543,-1,11
2805,18.99216,1.542,-1,11
2805,18.99216,1.524,-1,11
2805,18.99216,1.512,-1,11
2805,19.00759,1.507,-1,11
2805,19.00759,1.517,-1,11
2805,19.00759,1.515,-1,11
2805,19.00759,1.486,-1,11
2805,19.00759,1.479,-1,11
2805,19.00759,1.500,-1,11
2805,19.00759,1.493,-1,11
2805,19.00759,1.459,-1,11
2805,19.00759,1.472,-1,11
2805,19.00759,1.466,-1,11
2805,19.02395,1.451,-1,11
2805,19.02395,1.436,-1,11
2805,19.02395,1.430,-1,11
2805,19.02395,1.443,-1,11
2805,19.02395,1.444,-1,11
2805,19.02395,1.414,-1,11
2805,19.02395,1.407,-1,11
2805,19.02395,1.430,-1,11
2805,19.02395,1.421,-1,11
2805,19.03682,1.394,-1,11
2805,19.03682,1.398,-1,11
2805,19.03682,1.409,-1,11
2805,19.03682,1.398,-1,11
2805,19.03682,1.386,-1,11
2805,19.03682,1.382,-1,11
2805,19.03682,1.376,-1,11
2805,19.03682,1.382,-1,11
2805,19.03682,1.362,-1,11
2805,19.05203,1.345,-1,11
2805,19.05203,1.361,-1,11
2805,19.05203,1.369,-1,11
2805,19.05203,1.341,-1,11
2805,19.05203,1.328,-1,11
2805,19.05203,1.346,-1,11
2805,19.05203,1.347,-1,11
2805,19.05203,1.322,-1,11
2805,19.05203,1.321,-1,11
2805,19.05203,1.330,-1,11
2805,19.06410,1.321,-1,11
2805,19.06410,1.308,-1,11
2805,19.06410,1.310,-1,11
2805,19.06410,1.309,-1,11
2805,19.06410,1.295,-1,11
2805,19.06410,1.297,-1,11
2805,19.06410,1.299,-1,11
2805,19.06410,1.267,-1,11
2805,19.06410,1.280,-1,11
2805,19.06410,1.284,-1,11
2805,19.07835,1.253,-1,11
2805,19.07835,1.247,-1,11
2805,19.07835,1.264,-1,11
2805,19.07835,1.258,-1,11
2805,19.07835,1.226,-1,11
2805,19.07835,1.225,-1,11
2805,19.07835,1.245,-1,11
2805,19.07835,1.234,-1,11
2805,19.07835,1.201,-1,11
2805,19.07835,1.204,-1,11
2805,19.09071,1.221,-1,11
2805,19.09071,1.205,-1,11
2805,19.09071,1.177,-1,11
2805,19.09071,1.183,-1,11
2805,19.09071,1.197,-1,11
2805,19.09071,1.144,-1,11
2805,19.09071,1.156,-1,11
2805,19.09071,1.170,-1,11
2805,19.09071,1.144,-1,11
2805,19.10248,1.113,-1,11
2805,19.10248,1.123,-1,11
2805,19.10248,1.141,-1,11
2805,19.10248,1.113,-1,11
2805,19.10248,1.076,-1,11
2805,19.10248,1.088,-1,11
2805,19.10248,1.117,-1,11
2805,19.10248,1.091,-1,11
2805,19.10248,1.044,-1,11
2805,19.11238,1.046,-1,11
2805,19.11238,1.084,-1,11
2805,19.11238,1.075,-1,11
2805,19.11238,1.023,-1,11
2805,19.11238,1.008,-1,11
2805,19.11238,1.051,-1,11
2805,19.11238,1.066,-1,11
2805,19.11238,0.975,-1,11
2805,19.11238,1.002,-1,11
2805,19.12377,1.046,-1,11
2805,19.12377,1.023,-1,11
2805,19.12377,0.966,-1,11
2805,19.12377,0.959,-1,11
2805,19.12377,1.010,-1,11
2805,19.12377,1.025,-1,11
2805,19.12377,0.973,-1,11
2805,19.12377,0.931,-1,11
2805,19.12377,0.964,-1,11
2805,19.12377,1.009,-1,11
